100 0.00010039999999999999 8.848728722251574e-06
1000 0.0080632 0.0014594172467118508
10000 0.3505078 0.00642791029028876
2000 0.011644199999999999 0.0001870673675444222
20000 1.4512132 0.009442969220536534
3000 0.0274482 0.0003675536695504484
30000 3.3926412 0.10311606938639586
4000 0.06017560000000001 0.012393974515868588
40000 6.5359034000000005 0.5159079514809787
5000 0.08189540000000001 0.004371382767500463
50000 9.6781664 0.12368271863441575
6000 0.11974660000000001 0.0013678637724568931
7000 0.1727264 0.012523076191575298
8000 0.22051500000000002 0.003122101375676331
9000 0.28273919999999997 0.0021094263912258262
