100 0.0001378 2.3317375495539793e-05
1000 0.0009977999999999999 0.00019239984407478088
10000 0.0088184 8.516630789226496e-05
2000 0.0016334000000000001 1.0089598604503603e-05
20000 0.017571 0.00020894975472586706
3000 0.0025236 3.7753145564310174e-05
30000 0.0256384 0.0002687941591627316
4000 0.0034884 7.580435343698929e-05
40000 0.0325854 0.00017921021176260933
5000 0.004302800000000001 5.226566750745665e-05
50000 0.041185000000000006 0.0003016686924425541
6000 0.0052493999999999996 0.00013457637236900078
7000 0.0068242 0.0002906074672130776
8000 0.0076012 0.0007036374776829334
9000 0.0081764 0.00015634673005854655
