100 0.0001098 1.7838161340227864e-05
1000 0.0008316 5.114000391083286e-05
10000 0.0089978 7.863650551747538e-05
2000 0.0016982 0.00025220567003935487
20000 0.0188768 0.00047347143525243397
3000 0.0025796 7.427852987236625e-05
30000 0.027066200000000002 0.00023432392110068445
4000 0.0032909999999999997 6.72309452558863e-05
40000 0.037708 0.00043993351770466325
5000 0.004254 1.0319883720275403e-05
50000 0.0468622 0.0007058776097879855
6000 0.0053121999999999996 0.0002795669866060727
7000 0.0059818 8.474786132994735e-05
8000 0.0066466 7.547383652630881e-05
9000 0.0079222 7.103661027948903e-05
