100 1.6199999999999997e-05 4.472135954999582e-07
1000 0.0009036000000000001 0.0001098922199247972
10000 0.0729028 0.0006724133401413141
2000 0.002868 5.400462943118853e-05
20000 0.2988846 0.004945000030333679
3000 0.0066684 9.464037193502574e-05
30000 0.6714665999999999 0.007153640213206131
4000 0.0115568 0.0001571820600450319
40000 1.2596972000000002 0.1503114950201747
5000 0.0181678 0.00040034135434651233
50000 5.0266497999999995 0.2556386926380668
6000 0.0777104 0.007869402061147977
7000 0.09143420000000001 0.0026733614981891253
8000 0.13779979999999997 0.02143797652998062
9000 0.15055999999999997 0.0033108667294229686
