100 0.0 0.0
1000 9e-06 2.012461179749811e-05
10000 0.010226599999999999 0.0005692686536249824
2000 0.0003824 0.0005243861172838198
20000 0.0484824 0.016256381217847966
3000 0.0009996 8.944271909999377e-07
30000 0.0937668 0.0020845333290691217
4000 0.0017944000000000002 0.00044424857906356886
40000 0.1617982 0.002095423274663138
5000 0.002737 0.0004482504880086579
50000 0.254195 0.0013560055309621653
6000 0.0037622000000000003 0.0005349604658290182
7000 0.0049131999999999995 0.00047273322286465113
8000 0.0069391999999999995 0.0006053797981432811
9000 0.019604200000000002 0.012797375461398327
