100 0.0 0.0
1000 0.00023 0.0004927834209873542
10000 0.0011255999999999998 0.00037523699177986167
2000 0.00020679999999999999 0.0002831805078037681
20000 0.0021544 0.000350425170328845
3000 0.000153 0.00024568882758481305
30000 0.004674800000000001 0.001140888118966974
4000 0.0003224 0.000294566291350521
40000 0.007336199999999999 0.0012848623272553369
5000 0.0009954 0.00019113163003542873
50000 0.008425600000000002 0.0033098270800753326
6000 0.0005964 0.0005448236411904314
7000 0.0009918 0.0006927096794473136
8000 0.0014096 0.0005552497636199407
9000 0.0016007999999999999 0.0005513072645993339
