100 0.0 0.0
1000 0.000539 0.0003506030518977266
10000 0.0468712 0.0006720473941620485
2000 0.0018000000000000002 0.00044721359549995795
20000 0.3509732 0.008957671053348631
3000 0.004 0.0
30000 1.0093904 0.08181173201197976
4000 0.0070952 0.00034237873765758303
40000 2.4157758 0.658316989025196
5000 0.011326399999999997 0.00045780487109684605
50000 3.0368886 0.03631612145177403
6000 0.0156624 0.0007251332980907716
7000 0.021577000000000002 0.0009004879232949219
8000 0.028894200000000002 0.000837604739719159
9000 0.037453 0.0011424836979143306
