100 0.0 0.0
1000 0.00023439999999999998 0.000307470811622827
10000 0.0038112 0.0016258942770057344
2000 0.0004382 0.00024590994286526925
20000 0.0065258 0.0011659664231872201
3000 0.000809 0.0004526908437333364
30000 0.00944 0.0010545747958300544
4000 0.0010094 0.000727862487012485
40000 0.0122174 0.0004131274621711805
5000 0.0010976 0.0003501753846289028
50000 0.017455400000000003 0.0012107759082505727
6000 0.0015903999999999998 0.0005512189220264486
7000 0.0018076 0.00044565996005923615
8000 0.0026 0.0005283176128050248
9000 0.0029928000000000003 0.0007301210173662994
