100 0.0003999233200000001 0.000547617565577463
1000 0.02919979096 0.0014949913436782044
10000 4.065616798400001 0.9078108465568427
2000 0.18579912188 0.00413503655422812
20000 20.67289409638 0.2962986359142173
3000 0.43898372649999995 0.019669091678396925
30000 45.7951417446 0.3720064008127763
4000 0.7811149119999999 0.016393284872830018
40000 74.14199085236001 11.61609541785517
5000 0.8457833767 0.01609755214805508
50000 90.4665480137 0.6006569237212216
6000 1.25185928342 0.020236435356899642
7000 1.72971782684 0.007752552334330696
8000 2.33714656832 0.11266599502188603
9000 2.9186676025400002 0.05490772985212448
