100 0.00020899772 0.00046733310906246734
1000 0.0150680542 0.00037435605892824825
10000 1.539133358 0.013302758890333026
2000 0.06072025298 0.001908362400565355
20000 7.74973306656 3.104563349236083
3000 0.13838038444 0.0009225039460467505
30000 14.157533550260002 0.1091720111301774
4000 0.24675016402 0.002190863453615689
40000 26.233408784879998 0.8285178100253688
5000 0.40750484468000003 0.011769840467153122
50000 61.003934860239994 0.5931179109816047
6000 0.8785915375 0.018139196738015454
7000 1.42164421082 0.11848871956662045
8000 1.6603980541000003 0.2649622292129755
9000 1.9312205791600001 0.029616412906663385
