100 0.0 0.0
1000 0.0009999275200000002 2.920200027395286e-07
10000 0.01299996376 0.0007073084960593237
2000 0.0022000313 0.000447074599768154
20000 0.026747083659999997 0.0007454909469979487
3000 0.0034065723399999996 0.0005428819839918643
30000 0.04159994126000001 0.0005644558781706522
4000 0.00500569344 0.000693437442531843
40000 0.05522060394 0.0008611271013342843
5000 0.0059999466 2.718660607726882e-07
50000 0.07620244025999999 0.00227643310228635
6000 0.00739998816 0.000547313022827877
7000 0.009599876399999999 0.0005478787821494187
8000 0.01045231818 0.0005182234963808486
9000 0.011808586139999999 0.0004310562143500231
