100 0.00019993782 0.000447074556793117
1000 0.00139999388 0.0005474869962272409
10000 0.016999912239999998 1.994956089747212e-07
2000 0.00279994012 0.00044726119093955823
20000 0.03699998858 0.000704539158359964
3000 0.0043999195 0.0005475740744898675
30000 0.056599903099999994 0.0005472117164928572
4000 0.005999898900000001 2.7186606077268814e-07
40000 0.07793517112000001 0.0012523691390479467
5000 0.00781369208 0.00045704152909842034
50000 0.09921278954000001 0.0017011122857200712
6000 0.00960850716 0.0005613751672250858
7000 0.011511421220000002 0.0005048783368011909
8000 0.0132145405 0.00043870403302863586
9000 0.0154753685 0.0005016471490042635
