41826
11230
29497
59312
37749
54083
50443
5452
21876
14420
52527
10643
937
49045
11445
51579
8820
29958
36257
25637
27823
57138
41405
36505
25864
19754
23965
58842
58550
51133
14797
27640
58934
19880
9634
16666
38291
52017
454
52147
25582
51266
43864
16536
8739
32294
9770
51173
31002
27113
38114
1863
21746
41603
45233
26097
53346
44148
57709
57659
52661
24114
1119
41956
33973
6030
10053
25504
22382
51761
52673
44187
12007
7728
44374
15761
49880
15757
21036
21877
18655
34037
56765
36474
37887
27319
10400
46259
7849
5752
57140
27992
46892
26514
9902
59327
54939
6994
43389
45596
28921
38566
35300
3096
15221
20141
19407
17696
12123
45279
52968
41586
16329
2064
58447
1399
29842
24483
5496
31685
58425
58934
42996
7838
27081
6489
35245
55282
21702
18846
9638
31625
31003
56164
11498
2000
36222
39525
24072
8547
13936
59928
31924
43014
55590
4987
13126
33498
49556
48818
55627
44382
27382
51333
32235
56225
4442
49373
25093
12597
43396
18673
17046
26943
53392
46728
56384
59621
8150
4130
36617
48265
49958
11426
55727
23294
46474
2524
57845
49127
521
56892
28930
44651
911
37111
18895
59375
54689
12819
3486
2662
31690
43679
16330
53422
18880
12790
52780
52245
33212
56549
42440
58208
50412
35512
39519
14223
15642
26553
20507
19040
53762
13834
51569
17864
3676
46327
31116
7556
58574
45365
57158
30603
9148
30081
8244
18203
19553
56189
34113
30054
49233
32679
20366
50055
37297
24410
26332
12079
11617
55562
57650
14150
41537
33965
27196
14478
45573
44192
4722
17480
28721
15975
39415
10410
43175
9962
39150
50597
14616
44188
15955
10165
48242
22475
57909
57035
58368
12466
55383
6302
2227
34673
39211
34893
3610
37741
14772
32912
17955
8259
55410
46908
30989
23189
22229
34461
51328
40405
14548
16341
53958
5507
24640
16274
37394
37968
28458
15618
28869
32542
21309
55249
59506
40555
14701
20071
19215
54990
37021
5083
42657
16930
26449
5580
46869
7523
53724
45770
30874
56104
55421
10443
6950
8047
27933
40160
2943
57282
35628
33025
36770
3121
44300
49752
18409
33705
12776
26852
17488
11295
1695
9276
52392
5221
14523
47119
10982
44358
50852
14136
28529
34042
31152
57445
21149
8439
57957
29028
45540
43526
51528
14555
50387
28870
41984
1577
57178
7236
5953
57175
15675
31086
30782
40482
1946
29173
35282
31022
24743
15505
28608
25811
52757
42571
26849
8102
24004
12070
44392
5168
4385
4253
4621
24104
4395
1710
8636
23685
21815
10219
23109
14731
57633
8649
39787
52185
23629
37626
30258
32061
25354
39071
16017
27317
2163
28077
18102
19808
39384
53585
38734
49208
12850
48764
55680
42686
38023
29374
7361
51023
6769
40791
5352
2941
24286
48427
17815
56017
12341
50474
43609
17624
17451
7557
31357
7695
42884
57759
5140
24603
7434
39780
7658
46512
4458
26063
37368
21949
2379
6703
44870
33373
26723
300
11830
31537
51219
2777
34000
12766
2013
35353
50825
40293
36243
51206
32081
10412
9594
17704
5538
3966
40273
15749
54476
8241
23933
34163
39628
47900
15350
21503
46941
2377
8554
57244
30365
29285
21374
374
2229
50767
29178
9214
51806
38486
56206
28941
25490
59634
49974
19697
9862
36301
48691
43240
52273
51776
22384
23268
5196
9825
20738
2508
59631
2247
29044
21502
58120
9530
9217
44748
40845
14204
7958
59086
3121
55171
25687
16253
43813
30973
9652
56201
7201
20351
2871
50253
49589
15615
36736
44771
51969
59289
52477
43150
32193
44732
29023
19193
41353
6278
50252
55481
58236
20530
15937
37777
59226
27641
53264
58243
52585
1128
43717
8676
47972
25661
18834
57286
44735
45345
7374
41998
35267
47783
26416
33457
1263
6142
39046
57824
42146
5073
33118
18091
9531
3747
38092
30519
47841
50496
7781
35510
56966
17128
10910
14935
56624
55746
4230
17425
36155
11463
2620
49381
41619
29637
28572
8727
27799
17027
59205
35181
52214
58074
28290
47182
54567
57154
39682
4557
20564
42120
5820
10032
18196
35493
46518
20283
29242
40978
38826
34503
14726
35505
13485
34562
52533
39129
48828
50192
32887
25091
15839
43288
20726
13131
24912
4426
51791
35284
14810
56140
45038
17975
24468
42266
4207
51004
533
4435
52590
46830
49943
56641
47798
5772
36599
24401
40115
16139
34345
28055
56774
32353
49956
50043
43328
15280
23262
56553
16787
36466
48665
19117
12155
1105
8718
24632
44482
30772
23826
46631
53009
14196
10509
2361
11461
27185
51388
21035
16600
18465
23910
49609
50394
50169
14435
56301
37693
19300
14136
46085
25249
47224
52489
16096
8774
4791
6425
19297
10711
46078
38
56024
51394
33940
53512
37572
46746
45702
8181
25690
41921
44156
21511
28809
50844
44677
53658
29631
44678
50534
40415
27125
26702
56471
41084
17232
28831
27743
55564
13807
30547
41079
3169
46737
47646
20222
4486
129
40865
36101
40671
41185
2743
37897
29871
28155
31082
51490
26802
9796
14730
45854
10922
42995
8823
49539
28106
15091
6851
2776
11704
12973
46374
805
51117
55562
53034
4928
46671
3382
47017
27239
38179
43215
13653
44528
57123
27485
45120
52050
24730
43598
37680
28561
15173
26101
19387
16263
6385
10500
41825
42883
20219
36286
20629
34781
5150
15615
33
33288
51599
20457
31129
48847
44819
44133
5890
49764
590
21893
55935
55345
16836
24300
23192
47657
35659
36977
2284
44578
11845
31828
49502
32882
39193
16502
34766
19852
4346
4975
56441
29141
59326
21659
40337
11292
27325
52965
55482
12183
13475
47266
804
44416
27399
15664
50861
25162
3187
26276
32648
26621
15261
36527
31373
50098
5207
17453
4713
20242
7569
22479
44020
42504
57475
14016
26431
38262
32170
17684
39678
56488
44725
16028
7552
36839
46860
7877
18281
19084
14739
54894
44984
13414
46871
37485
31788
47904
3147
16485
40157
56882
13046
1500
10378
6042
24589
12113
16505
46643
33254
50353
55158
52444
45928
18772
31563
52223
51762
8773
49073
7798
27186
49066
14218
23103
53972
43558
35873
32062
39733
33708
59603
32601
10218
10924
51325
52100
6904
37658
50077
1559
46751
21261
28501
48390
51856
2483
25068
26890
46455
26103
25965
30746
49940
44741
27100
34806
25746
6683
20619
9860
29996
57881
23355
21368
15499
45618
43682
1114
40813
31973
23131
36754
34539
55167
34774
39964
30560
23873
39695
39233
23800
50017
41699
46099
52463
1847
18664
59532
23127
13232
45415
44969
56565
626
50407
6201
47425
32929
18659
56544
34436
19913
38177
22919
41964
49340
16380
48521
32075
58073
3057
33418
58834
19688
58841
52283
11882
42413
57042
13156
44167
34021
48763
21868
31700
1642
59983
33189
39899
14654
29782
42466
41978
59160
3568
17634
28657
19122
14848
45494
44350
10522
29376
21260
42065
30228
41256
24680
26624
13923
11650
30064
8139
13956
7807
46401
44996
27633
51224
57918
48451
8783
40616
32298
48024
11309
56938
54172
9415
57338
27968
39929
19367
1653
49361
57872
1276
51075
58067
30542
17010
54211
2520
58079
38288
15265
25015
2175
4942
35996
14843
44324
21966
51792
38905
28337
30969
12647
2549
7927
15594
27761
4210
53194
28390
55058
44635
29101
15346
48479
29267
21203
4350
19452
25003
52332
25806
55117
33915
45104
17053
47809
10987
57030
1159
53212
43945
10526
5854
4139
43175
6709
52005
12152
22477
7415
15461
44411
58184
42360
1872
25788
2382
19821
11200
26270
47828
10153
33726
55212
21118
21621
18790
39367
57144
28419
3994
59283
56773
57752
41425
45692
6954
29796
56585
31419
39236
53533
8874
52617
33716
15890
32887
54838
28396
53166
24206
50361
48597
53486
29948
44047
55013
25926
8671
15978
41781
30683
26166
44414
39098
27524
25463
22795
5821
32291
28359
44938
11609
12808
8612
31240
58618
44602
14076
20278
11571
25020
49469
35574
1854
25231
1439
46258
46343
26387
6722
27437
11161
23699
16341
8776
55440
27841
42084
50369
17276
2618
40165
12032
51439
50862
27854
30893
55290
37612
54811
47330
10609
43780
46529
11827
10117
30292
3281
46536
7414
33153
31900
38519
17695
48010
41049
2626
24330
37095
43274
3089
38954
9470
42015
30380
26755
52113
45606
54192
11085
8217
18039
38392
17159
46364
53324
11963
20435
56848
7727
35015
37465
1347
49516
36230
33072
26859
57511
59725
33216
22157
15254
10569
5158
38750
38543
14431
49439
8447
32896
32763
21848
39500
27686
8296
28879
54542
25053
58016
45175
3700
24621
41104
17276
53004
19074
15067
51354
4906
15828
20975
19380
52493
11686
5909
55488
24300
14230
9621
3891
6535
41794
54104
47640
42749
45923
27442
4486
55154
26217
39032
23873
8647
11829
26806
10156
9596
31843
30077
19306
17355
45172
8190
37739
23568
24028
33006
34850
26740
20822
27895
36415
58230
4084
56004
33815
22237
51967
15325
38909
41968
775
57348
39974
16834
52502
59419
30286
76
21623
55646
26691
878
50902
54655
38316
14644
9986
43219
45317
51773
5376
32880
47840
22984
24663
16444
21864
35175
11784
40391
9994
58194
32661
22952
26126
48011
39478
55410
45958
31571
40736
18033
9936
28380
22171
3227
38037
37590
19818
42772
39043
53071
53423
207
20936
58286
45134
48353
6228
19671
19944
54652
43527
49705
941
10436
39209
3185
15469
9822
863
36566
1317
47368
22875
12463
14426
55748
47790
35836
3234
21664
55461
19061
56686
42127
57305
59100
9732
21368
30835
14026
36830
8433
3960
33332
52335
47767
53164
42310
29550
46933
59352
43692
40045
8373
33352
29036
16055
8778
22950
6168
32850
58777
35321
7392
49424
10149
59280
7846
20754
58324
59761
47573
50510
55149
46694
46670
48601
34519
16787
15450
19088
43104
30921
49089
50974
38279
13773
36779
37452
3883
54951
30177
43866
57377
28248
12896
29031
5926
20093
25401
52624
32880
813
9888
23564
49059
33973
34004
5328
18072
20378
37845
38145
44431
23653
55521
43927
10249
58509
19600
13517
16525
36217
3905
2092
31920
2403
9082
42571
18351
13961
15297
33059
24779
24409
7129
10850
29479
7996
35932
31200
5291
35637
41087
43725
11186
32358
22448
16145
6436
1627
15272
47093
17085
24813
17844
15218
35619
55884
8622
9858
35175
30609
33695
26320
5931
45830
23367
38163
37321
10704
26578
10830
30826
4752
42193
49434
5581
14008
33420
14737
7672
31500
1821
1986
8460
39560
55036
777
21324
7750
4215
29981
8497
32626
12729
27351
50104
27335
22870
2812
24584
48513
2680
3284
29894
6672
25705
25715
51429
46439
26341
3287
46603
51663
28458
25792
34627
57247
31826
54320
3233
31676
20753
28849
16344
14523
25545
31960
4359
3006
48734
19922
41587
58604
40533
52158
23029
30784
38293
14043
23431
17802
30106
57057
35051
46239
49864
29638
57071
56225
25789
45876
1702
37173
24954
12661
27592
21461
30081
29081
17304
30648
486
11727
36017
30848
31332
32939
59816
54139
58540
18538
5000
41311
8528
27468
52119
52170
4429
46558
16217
8976
52780
33761
28559
56057
30146
46761
40632
39851
2788
6819
40330
18452
52245
46787
56575
54927
10300
9313
27273
41987
32709
57029
39365
38580
19255
29222
17113
36683
11632
10715
19890
42981
7722
53923
23976
8205
21940
58073
47703
3246
7667
19383
20770
54679
34806
38981
17668
47060
23616
18960
5381
36850
21721
37093
57539
35323
22525
8566
35281
39027
43784
17561
50991
30051
5198
52141
37685
46320
25191
36280
2642
5880
24014
27819
49346
33887
53514
27206
22225
16223
50415
9336
8051
58113
11259
19261
41200
46086
35183
31601
26538
15875
16251
14176
32296
23788
27265
59303
8095
33346
39679
56929
20758
53861
15985
4628
50355
11115
341
53338
17432
3364
33054
5246
43843
32109
42584
54486
5141
20548
54201
28547
1691
22291
32431
56833
42159
6891
37983
59006
32190
43086
59729
58844
54834
56374
620
41423
58643
55244
59399
10916
22563
52324
42440
38765
50544
46878
57919
33095
45030
29569
39937
26488
9406
46709
35375
54622
31607
57693
51110
58238
57625
55736
52663
44667
18851
4113
6383
2225
32632
39018
46397
30981
56586
47890
57870
50130
7525
35584
36139
23023
10453
35086
8769
26344
42920
36461
50449
3780
5637
6020
39622
32331
13285
57416
8461
57047
54767
37465
12755
57525
36588
33613
42662
20217
44463
13350
36436
8251
28761
40570
4240
7274
54793
6585
22218
18207
16710
49562
57026
1198
46243
8636
48439
32866
37258
21844
23338
19985
15245
24982
51598
53298
35151
57516
26606
53598
24873
22554
23282
58117
21670
5169
41302
19052
42511
43574
45846
22210
48176
757
13577
17085
44617
1204
45105
30407
32535
33915
50844
22486
27628
8554
4974
13868
1136
36974
30941
38845
12840
57178
4704
44038
52826
18019
30880
19673
46524
52644
17093
1440
17510
3695
3281
31312
11313
31097
13845
6417
6774
36556
4808
22136
42495
1844
21551
40346
25173
1118
42883
33361
37991
52530
13233
14797
39956
305
33722
16967
32515
48230
51224
56752
21672
54935
51972
17177
45796
19979
35138
59967
57978
17728
4307
29011
20890
55167
29322
28211
9922
11575
22122
19128
15165
49070
13419
26560
3286
38217
27700
58467
21781
19748
33580
33691
53335
33484
8797
33383
18893
32077
45985
2699
9449
14122
6120
38915
28068
1023
22514
28412
51799
39660
41270
33386
42873
38835
14570
33361
38781
31665
29439
51480
13906
11935
1651
43741
6301
13906
36975
22800
59846
19778
21063
23543
27084
21348
9248
21772
18165
24490
23664
14582
37272
28413
53880
6313
23702
32410
26574
33985
11513
38870
33445
59612
13010
14675
19818
35604
22905
12370
30325
51080
45493
33266
12741
15795
19895
11423
59136
34076
17605
16990
38286
43974
57566
21241
40893
51422
10029
38650
38942
43884
53818
17361
522
10595
28707
20633
28750
46947
22069
23137
28980
11313
33399
59809
44557
4132
52112
41642
43104
53460
8548
4035
21941
37173
51628
2977
21910
48054
45522
11153
16211
32676
47424
54187
45900
37227
24644
7521
53332
45980
24017
2681
15001
59631
11236
3032
35193
13102
32677
27348
17489
32031
57857
28489
11208
38773
56371
15328
56605
11036
13842
30812
9084
47422
50597
38160
22529
53329
17662
56822
45014
39196
31823
32620
15696
50982
11715
25349
43600
55287
19368
49965
19920
24538
45190
25260
34661
38884
6128
43408
55862
43462
36599
8561
10272
59436
57123
290
24711
43910
725
41760
37679
9981
17872
8695
23890
43246
13205
46563
59361
13427
34625
5594
20854
39122
55541
34908
7182
25102
28088
15362
40109
18534
13908
2408
15761
23356
41773
1273
59501
34574
52007
12742
40534
24654
1958
29000
19521
49369
56956
1603
55337
28112
26136
5792
39078
33032
22550
52202
30081
848
37495
3064
42414
55363
33855
18818
55536
50718
12102
57593
54536
31194
44369
32618
6593
7069
29054
8726
13004
59097
31986
8288
24368
3799
53198
36480
19031
17500
14147
1458
8124
55441
19752
22862
41685
42942
56074
5615
41925
56327
32953
20133
33980
54839
2029
20681
55596
51939
9324
32556
23185
583
23581
25848
21793
19850
28479
34509
55783
13755
48448
33744
59435
43507
9575
40425
10880
46036
27455
57077
42363
16989
29296
13737
33752
4621
16546
58113
20314
58022
42128
35299
7855
52234
5802
47563
6293
18722
34354
47105
5652
5120
41005
20825
28764
49789
3537
8901
5225
53726
16234
49174
47198
27718
21207
30374
34067
9106
45984
49341
11598
29321
25360
58077
37797
56554
42166
51283
2437
4142
6951
33559
7784
54656
23173
1718
46493
31110
13717
14604
53051
1168
11193
44614
16728
33979
44148
8832
49163
5620
18269
47288
9869
22114
29427
24627
22925
20833
54966
33046
14866
2810
2721
6107
25629
1267
34224
30057
55705
39554
37237
20657
7893
42697
9051
32715
59074
6549
18237
51564
48893
29198
39496
1219
50020
18216
58896
11870
32661
48279
35560
12667
1842
7304
46304
23588
25553
47900
24886
53294
49062
58338
32597
48168
39951
12434
3248
19206
52211
50102
3731
8094
27152
10717
16356
13771
38157
46244
34758
11318
18082
48814
8826
48384
52531
54701
12848
36660
38468
59468
36549
57704
53792
49353
29499
39932
5116
49822
54691
20488
13703
38519
43257
16876
40312
26554
30820
48733
31433
58115
36729
4264
28621
42985
25526
59484
2367
26076
7512
58027
39333
24928
16866
3471
48448
42022
23550
12496
51565
29413
59124
11945
10513
26762
58234
19646
40232
28873
44955
37153
10932
26528
31800
55074
38192
16379
4525
40843
28876
41623
43456
22887
23867
15211
39490
15182
39451
26263
26331
18713
27089
10940
44790
24881
2678
50807
4345
14683
1736
6763
23386
44392
9720
42931
27356
56298
58746
31596
9857
3643
33523
14030
28519
2151
23210
18499
38581
17283
21223
20163
11990
42649
39878
22485
20516
41115
35460
24297
16279
56693
50023
41050
29462
32675
44351
30993
18814
38309
25934
30996
13695
15173
18189
47691
55523
56689
18059
6766
17028
39750
12692
28851
56061
25962
38382
42923
46710
49922
35644
56045
16141
37784
5970
25522
33220
22599
47459
19143
21691
2427
18851
11427
23833
59744
47557
4991
7837
39185
55820
30279
21325
56405
19460
25471
6855
59615
42853
40043
26556
42856
57705
11494
3334
41790
40651
15831
25681
52081
21158
36342
47697
19841
22669
44694
36602
52256
45027
7317
46655
50468
52448
46309
54237
2897
54700
46340
4597
10205
52475
4307
34654
53850
18691
22076
33930
57646
42531
12999
24670
52619
50576
8908
7417
53819
49979
20479
45896
27571
33772
44922
54235
16445
10336
14427
44412
36443
35601
24025
31768
1403
37008
39092
25836
52412
3115
51100
52710
17090
40796
14194
53463
8257
11000
59881
16912
1385
39104
29943
3033
27006
7235
15730
40343
45537
1818
5755
25711
30994
14034
54015
53995
4756
54997
49536
46341
26568
35931
48701
7207
8969
17204
54428
24487
14341
51632
3103
2480
34672
7295
39336
30033
42582
8903
35986
28121
16381
59133
14286
44243
29030
29198
9070
34149
39257
58059
4115
52565
11592
42081
961
30799
21576
26565
10339
9320
37216
14530
6288
23403
59250
25506
52524
10155
45996
1370
30035
44568
39103
46227
2304
52815
54027
46169
1965
37575
10169
32048
5030
51798
24098
53029
50805
25337
48628
21438
1973
9366
1365
51468
53625
33329
34554
34830
1632
21240
30211
18801
8269
36907
9777
30506
34624
21754
38048
35197
44826
9190
1669
34937
57060
54362
54280
24754
49460
40909
56844
20923
6975
4504
13460
56423
32972
28226
49646
43643
32904
6661
4304
33640
30950
29719
14824
25647
32214
26383
36493
58666
12758
43025
33395
10443
50708
24702
16117
16847
31329
884
36760
12722
8761
41120
2733
7788
19518
56432
53249
52242
43095
45926
58994
28149
58574
4748
46767
9321
49288
6081
19374
51364
11847
12754
55630
46678
40857
17829
12301
49306
26461
16762
15784
55873
22367
28318
23892
13233
7248
12691
42367
17791
8941
30786
38631
27696
53707
21497
43878
7851
1025
6958
1826
55225
9664
30818
34474
26750
33911
8772
25947
20113
8563
59501
19271
10296
50196
22025
8660
56275
4218
7847
6658
18813
16886
15085
44420
26136
39169
51035
19772
19639
40243
46726
39491
29312
47223
29501
27110
34356
30519
58933
17655
11205
6391
57690
2802
845
41254
51095
40639
34531
32876
54831
45671
59643
56765
2653
49094
26210
13850
46562
3646
8314
5436
55161
20305
45783
10417
30332
23045
40035
48040
289
26262
4473
13866
44811
17563
13496
52236
12319
9783
42875
41400
6669
46743
42988
29292
25460
24007
6660
45999
51175
37190
26988
52112
13751
55660
45113
2551
42687
17867
57830
48665
5809
1311
57115
14670
51109
42477
20135
28882
9504
47696
7747
17283
52336
10000
11858
15938
5628
11567
57481
22773
40704
12667
5359
31142
38025
36644
31854
6008
56523
26279
40880
31439
25262
54406
31914
15039
8310
39389
23580
25772
52805
36099
44011
26574
8469
5429
18976
46862
59459
13337
58267
22823
19205
12336
50620
19757
21244
7715
23334
44259
4815
45539
47348
10630
59845
16443
38556
10524
43814
45644
59252
32042
27424
8028
50372
25075
52815
55946
2283
42591
16590
3642
4368
35867
29162
9385
28745
38116
639
45627
8677
7697
16628
44126
31588
40063
17572
36657
48094
57620
41453
8128
33294
16084
4266
17487
45564
15955
38251
46106
20006
21217
21687
21244
53487
6281
40164
32205
1890
55226
35118
51864
14343
51497
44087
34846
43149
57966
51235
6395
29949
49605
3351
19981
31970
27588
3996
31142
31511
18046
27048
56944
49284
28706
56803
12890
16280
57467
53565
9803
16917
21580
8013
49977
25392
56884
14178
41237
41348
14214
40192
34078
13637
23914
34930
54231
383
2001
34950
15237
52815
26936
29245
20665
54478
42127
40890
22358
4517
22042
34706
5710
55499
28637
8031
19326
12044
5523
38396
42002
20255
51577
45255
9958
32594
6592
23579
16889
5627
52342
17948
21880
27501
33188
48028
37556
10159
19863
30348
3065
58997
3651
40249
44108
48099
56931
26373
35749
25206
52475
42150
3104
59560
2969
18824
48280
18273
52506
11858
21360
10051
53774
57317
55873
32554
35667
49520
28090
14315
20845
22895
39262
50762
17085
14930
27814
27934
7627
25637
7004
19564
30132
4743
15854
26735
38616
5523
47810
50400
30422
13842
8616
49335
23440
47049
16089
17057
4399
24654
55682
38736
40208
37027
25113
33637
38816
40400
53498
46613
23909
12880
5299
1474
3584
2474
25848
30297
57590
57780
58741
59193
22631
47984
31932
29219
58301
29867
10763
27008
4991
36994
19579
36755
25137
31701
53000
53491
2038
22859
20175
28701
2716
13788
2013
5637
11091
14247
46957
40868
22085
11572
18621
51030
30662
28874
50115
34511
19193
27726
59263
56484
12300
58320
49609
31088
29519
52357
47427
59684
28204
28325
47145
9826
43892
48636
11355
30952
6667
40266
47061
59005
9835
48776
31225
17972
44859
27306
26955
55969
4412
18357
50753
30045
40407
24329
11262
5353
12846
5237
45578
40511
13126
45326
38528
57551
36819
55119
29366
28574
7339
35548
44686
3421
32074
57234
32912
32989
34327
11294
7378
5957
27277
4996
57377
45477
5956
9253
56528
44007
56002
27894
6319
49503
2843
13090
5355
39574
35943
59175
31225
32580
6986
27376
40684
8101
21444
54148
56929
31854
7000
10047
39011
27407
8594
12423
4509
12038
48305
19776
29021
31022
56499
20603
9829
58837
44921
32089
38244
13086
591
24939
19750
7476
15122
33288
20348
29748
1668
8073
21793
10055
8444
58493
35384
51273
15339
38462
3458
38776
43843
38871
35811
25482
8473
19296
4704
32379
38602
25131
34207
42797
19690
2821
25065
6655
32904
34206
21339
57547
2955
4962
24926
5231
15028
2595
23104
43111
17711
41009
32188
33844
59758
16256
34160
36929
21366
14658
2925
53426
58421
2183
4212
40549
9650
3032
30092
2699
5444
20038
38655
4122
3651
47712
37558
16408
32926
34820
9606
26420
59252
24945
26577
20898
604
31678
36609
28994
27809
37993
32906
48999
44476
21105
18300
2174
30086
16951
30865
225
10536
24128
1975
22313
17673
43109
53663
41023
2165
32826
29260
24760
24592
42408
10544
2248
21382
32479
679
54645
22131
9759
9746
53341
44074
17902
51482
47660
14247
31736
27121
7725
59417
18277
41888
21222
32935
21961
9460
59921
38479
8580
11741
28983
50268
6952
540
1972
7250
20612
26154
6789
40286
40887
4568
28432
9080
47995
33363
57638
42574
12975
39148
39751
16526
22129
59081
51558
31873
16674
41256
26181
27247
235
12359
35225
15466
50218
3952
46398
12860
9105
41223
42177
28363
46013
53702
42334
42523
17319
55297
47658
36213
11375
12196
57727
36445
33712
58181
3377
17295
41713
32152
38116
39731
38589
41816
53289
47455
3767
29493
25086
52589
59016
16827
53007
36384
1420
3052
11133
54231
46524
14958
19868
49953
24106
32890
2212
14374
55375
33948
15218
16853
52570
3570
38263
52398
47616
57038
14829
54942
55819
44735
25551
22394
51935
47849
43811
28936
17363
14490
7662
11613
850
45175
13431
56871
47400
49114
31961
56060
59040
35982
25502
4446
43303
48712
57686
2535
36054
16519
56065
8344
26246
17350
12054
3276
7786
35967
1082
10775
13787
50451
52286
49798
51411
55171
23978
55705
5332
58954
48070
24551
52830
22636
2133
35545
32367
11730
4725
49603
37641
16303
26739
19745
43609
3568
30597
59521
25521
25744
2975
4401
39071
15086
47550
13084
12791
27677
53459
21272
12252
18819
23013
13159
13869
6242
17619
56425
21887
12063
26649
9430
49120
37886
7072
6839
2285
22816
29097
42237
38672
29218
43854
22154
41465
16066
12294
34805
30483
10663
38212
13677
42605
43688
3869
27637
2041
5399
50800
11303
21555
30163
49446
6273
12354
39425
29134
37971
25055
10200
53789
21132
4367
38914
31612
26294
53060
48104
32702
4454
38951
45282
16512
27702
39395
53946
26520
1535
34340
40184
3850
26046
48910
30310
43966
36359
48400
26101
27121
2527
274
13711
11240
46739
37711
39384
44844
14100
21980
57342
39922
40125
57010
3653
30922
11419
55141
19903
37431
19454
21370
26748
2455
34901
10054
43200
53093
55420
28432
46222
42038
42101
35855
30192
56979
41005
29155
51137
2755
53575
6140
58414
9861
58601
35055
2066
21382
51126
56938
6589
24555
33646
48567
42866
26013
698
10404
19642
1541
1302
37791
30052
56862
7741
33684
6537
38730
34833
46476
51937
1652
28361
21197
15254
9982
40626
5708
41139
6744
9725
25864
23396
24920
10879
50195
8888
7795
7888
5055
34653
35806
35263
10634
3606
40346
18152
44076
9405
9279
10392
47363
45509
28435
4040
42597
27521
43258
52424
44634
38594
4905
47215
54649
674
12714
18544
53192
58061
13417
37676
50521
4708
38017
38979
15472
25873
31963
46241
33534
20564
43517
46668
168
9144
13262
35948
45643
34909
3742
58119
57691
9618
25541
37439
13729
26228
37831
29496
55352
26870
23086
27659
55319
3811
27532
41139
48535
22719
1237
51298
6021
17247
567
4790
9044
46065
29494
39498
29964
11893
17229
10644
10050
54055
19254
27641
58678
57850
25367
13014
38432
24574
220
36702
1495
35730
12612
19846
57290
15324
50757
14579
37266
54580
35224
16431
25983
42243
28550
11734
39628
10975
21183
59853
50804
5686
8747
39004
25256
35879
17567
52240
15357
54155
47121
2112
37819
26474
396
50263
24920
2380
40537
3247
34186
35490
9468
7185
13633
44082
36653
12905
23769
42667
47443
42079
31241
38748
41839
30121
34165
53809
42219
49435
44150
34957
1162
16423
11692
44203
38768
18900
39601
3364
53559
47685
37306
45405
36598
1106
4474
59465
58516
31580
50315
33587
48079
33321
46012
15823
57435
29031
16465
23027
17182
41807
28786
22777
48197
15648
58503
15625
50085
20828
9113
42794
18243
11709
9457
37380
38017
26178
35229
21095
52922
38624
44890
47840
59996
29636
6104
24327
29968
22118
54242
56096
54029
26506
34757
50643
49946
53907
18629
21476
49885
22928
16080
10695
18660
45575
51672
15123
7991
50417
55282
19552
13734
11571
8411
32117
40331
33190
4030
18031
42240
43296
23847
39248
23617
44454
58313
49367
31604
2714
6327
12073
58875
33323
28677
35749
46688
54701
46082
13986
59447
7522
6009
6173
12831
13061
10528
47292
4573
59235
4659
55962
54001
45311
2946
57247
24716
11016
48402
21907
18590
5627
23406
43408
14426
49153
54899
11835
11722
19787
5462
6984
15547
37757
38610
52412
40817
52684
51885
19764
26831
6963
22610
12679
56208
34641
48836
50077
2975
51655
12494
25793
19688
69
35198
43198
29414
40078
7709
56654
21310
26389
12839
32711
51948
31037
672
20239
5147
50602
52564
4836
5119
16179
46443
40128
850
43119
6536
9791
17937
43646
33154
58475
27666
23126
27088
14622
30023
4488
54688
52178
51296
11168
713
40804
40156
37549
57268
3254
59016
57934
49992
5996
10575
15326
2168
52991
37657
41870
56769
2472
14122
21659
58086
36006
58545
17988
10342
38684
4188
46393
32194
44171
11540
44863
4936
48181
7279
49012
38319
12123
50125
56583
54055
59482
32856
25916
16649
49213
22793
40266
49029
35084
39967
42274
33059
18154
2011
59730
56708
50748
22021
52780
54885
58824
27137
27331
38424
52146
2853
18393
22569
51435
50754
44094
51744
48868
37181
27834
30726
27344
40472
52501
30653
22844
51074
41964
43627
54423
56530
56819
25314
14956
24465
38530
42545
32588
40249
51727
33381
53681
58279
48148
42117
44065
55859
52237
49034
36542
25158
37943
54707
27786
27338
18865
24116
32970
25828
39039
47283
22228
26254
4798
59518
52422
23614
47291
46102
39287
38984
44256
17382
56467
12
3292
22945
2607
1821
13260
49607
935
31313
59226
11571
54873
37431
47251
55319
2392
5998
52278
43669
48706
31149
43281
2530
42290
25045
56328
39140
36888
52886
33337
54633
51855
42704
8382
49679
41167
47473
41413
25094
7298
6545
51220
29872
30432
58605
35468
39515
1603
35891
4807
46875
57747
1728
33818
26813
26249
59816
23877
11935
22560
45493
52310
13470
47099
43339
53739
47287
54597
19796
32573
1853
25196
8682
31013
46714
31954
58123
47132
25684
23851
34089
39589
7311
47038
27230
52092
43374
34550
15663
5755
4010
23932
2445
8510
57337
39369
53058
49470
39547
9630
835
27506
8503
30862
22134
54244
20018
4120
25557
40353
24169
20508
38068
16712
38191
20294
51603
34029
47982
6874
32655
10956
6839
7824
3067
19732
34638
21779
48998
46354
38223
19623
45088
27781
12485
9845
7860
26198
33285
35909
27226
39018
29888
43656
1500
43663
30912
26085
9363
6739
31834
20442
29209
23137
6942
30766
32389
14924
26601
57548
9197
36178
32152
15125
46931
14976
39903
44406
8610
21944
37739
34104
48533
15938
24939
4048
10479
31336
34095
43312
5244
24854
43935
20492
21197
26267
23835
24815
23630
46504
18758
1602
2131
25855
25510
14583
33180
41053
52463
48986
31444
57478
5774
12684
39448
53432
7741
59126
57924
29413
9070
22161
627
47634
26963
40586
54577
10756
56834
26208
59956
18871
1877
51237
6856
10492
59318
31342
26961
27229
27522
4411
33540
42481
33350
28715
33690
56059
37495
160
13549
14158
31923
13597
37354
18591
45123
380
40093
19527
25235
50407
57778
32091
16615
19640
40889
44553
3965
2501
30227
33823
27380
32344
48395
21145
20838
3154
8995
39598
14378
21485
47705
48950
38715
31041
17591
53952
39457
37817
46060
44735
19788
50932
11989
41456
46314
53789
7022
4862
56997
57592
39788
1034
42626
17933
12194
30376
27588
56934
12643
42248
16035
51529
49749
59358
57707
49702
56170
58574
22347
34829
52847
41260
32689
51926
20051
28126
26776
571
5895
13907
21269
23611
32510
38487
15192
29592
28081
32374
42551
25179
58625
20888
10358
23717
48922
2856
51184
43392
20108
11295
40715
18693
32697
32192
43296
8548
1483
51849
57427
39935
35113
41376
26843
27031
49080
48522
11415
17126
602
44971
10988
41505
20909
54105
50416
50439
20148
13539
4320
50986
7045
46328
15047
3556
59729
25504
6832
39725
17352
13795
37838
39078
16629
31087
7514
56336
45154
59215
55879
16575
45629
17933
19495
7
9379
20301
45212
6929
5235
39606
15213
50897
19109
27113
9149
38451
16845
42548
8218
28973
7479
55898
17578
34554
39275
28507
24341
54344
44279
52670
22610
8240
3801
46880
51984
33504
12901
39518
29191
4694
17405
8716
52085
7021
17829
16853
51803
37568
40982
397
41375
23100
12773
41929
39893
36528
40932
57554
14123
16135
2193
5103
37086
48297
6094
12447
36544
27417
45531
50856
59842
53814
33150
20320
53373
51296
22068
2085
22367
51024
12637
35002
44669
23365
22932
1064
50492
49421
47881
16467
24947
43
22579
26744
58233
39020
3335
41028
37113
36600
34848
41160
32
52373
26257
17867
59435
27947
45858
28323
13051
3997
49881
56229
51822
50837
32088
48963
54899
42955
8870
23428
31020
56691
52262
23573
39886
44269
28353
56098
56409
1248
29359
30331
6214
56938
5187
3370
3628
51443
26774
37874
13987
54992
59025
12553
48155
34060
43958
18642
54920
6154
15966
45126
42192
14958
31034
52495
2276
39866
31773
13161
18129
28419
25501
30827
54983
43641
12473
51605
59682
48147
11976
54904
14375
53610
20392
36558
15700
28880
58813
38036
50773
10430
16931
53877
59565
9071
50339
1247
20177
18900
34142
16395
1554
34157
56624
1360
24433
49294
1592
43500
34548
9196
15767
3980
19397
29480
15792
6931
45210
243
52498
31136
48892
2477
7832
55138
15997
59182
59196
33259
45189
13323
34543
41539
57452
26375
38316
16387
52808
49317
23477
52353
7153
14536
46787
54050
56027
47779
15778
39666
8004
15429
47514
5049
45822
19301
42307
52286
42480
29944
12031
54320
27329
45967
30369
51207
55679
59060
6310
41076
47709
32683
34205
49933
51016
34487
12167
20221
13287
17127
38231
15438
37624
53864
21541
25896
25854
7857
2358
33107
23563
12170
6079
3818
17556
41883
4696
3940
7590
18181
58765
2959
46783
6301
41912
47923
37741
52590
50133
633
15764
97
16845
22446
9983
3270
290
55627
41050
6271
55611
28854
960
54287
19318
5224
20503
34009
53901
21700
2668
14802
15508
32666
50218
24333
36342
9902
10215
49617
29230
1275
1911
24304
2883
11080
17695
27782
46699
4306
9717
56696
14406
4632
39728
6584
49784
43727
34091
13469
32282
45803
52666
29282
5821
27420
15372
7126
21048
8253
8327
19200
59839
36390
11311
307
33114
4813
25426
46107
34323
48824
50735
19201
12336
39111
6715
11380
29455
10998
23409
56809
28389
19552
31871
24153
4477
20454
198
41816
4703
1055
1300
14669
14934
5299
18196
35026
40818
53133
52916
44164
17452
43815
54949
42121
43710
11549
13724
40385
11113
11884
25806
56049
5256
28809
21525
32707
24374
49922
21256
49153
18670
15180
40092
10496
41071
27609
47899
30744
52412
32544
29340
52861
19999
41394
50933
37821
18439
41109
27556
10374
44573
32685
85
55002
32827
10374
9277
21290
46039
26775
22652
19889
55196
15252
45813
12527
8264
12185
11498
46817
54636
45077
45932
16696
4067
44655
19743
44619
16241
51541
10797
26018
42781
15752
45973
31551
22864
3411
44891
7774
15158
38821
40209
10450
45687
17480
25846
52817
28687
10817
41242
45357
53584
35277
55036
10978
48404
2828
40169
14833
29277
50811
11407
33684
36075
40396
33856
30562
26258
6328
40044
51028
37764
32041
3696
54887
19304
4698
57179
5161
14715
35843
56632
6851
14830
27123
15961
49671
17664
31986
38296
5941
37015
55420
47425
8783
3164
35044
778
29292
14771
13497
13598
47488
27712
27660
27697
16315
38201
41213
11817
43095
12631
23079
59652
42601
17821
33119
29555
15243
58179
39763
37616
9742
23176
11766
7730
54601
44602
5092
45557
54673
29975
19293
22442
20531
13066
35797
1629
1196
21773
13337
30035
34189
22393
24810
13106
16000
51894
4840
53031
58632
50019
14003
30727
44798
30557
3406
2596
55731
45464
23490
33600
13861
5464
11322
41534
7177
14331
2003
15731
9388
44565
914
25427
21513
12401
16879
56965
42485
42578
58853
29920
50121
5317
48179
7014
5508
42371
230
5881
17739
1472
34308
21654
24594
41886
1874
12926
5683
9496
55415
57071
17717
25659
11924
18960
22439
44836
26813
51959
59828
18129
31725
19125
59397
55711
12947
59132
38207
45375
3362
47337
16259
23243
6451
3162
20594
32866
33669
54544
45557
53059
2703
5865
23482
27747
18130
56373
48194
1584
37512
32152
39131
26199
14995
3411
10003
48326
33311
3086
13481
28623
18737
35295
32627
29744
2703
51350
29338
12964
34649
22794
9229
13436
25909
34319
24776
14702
1919
54004
18096
14008
26817
55174
37992
12936
38278
43191
9701
38265
38942
22379
16313
54106
21214
56703
56015
43276
28921
11472
56989
18487
15690
37106
71
22933
1731
35147
50693
846
35607
52474
53953
12962
27089
13035
18997
16949
50306
58058
36381
41319
44493
3501
44055
2804
5739
15657
632
30538
52184
25116
57489
23533
34529
1334
29806
26954
12897
2755
28239
31994
59802
8940
48364
49958
42628
35524
13035
19178
58264
15733
47799
367
4149
53961
56777
19462
3734
15840
55583
37732
14484
45071
10660
51360
10592
41686
39323
47354
990
39503
53697
20072
9534
38438
9055
44740
19070
17044
16159
41198
31661
37297
4156
1400
58587
17125
23116
25413
22271
33004
5068
29231
24116
2675
27006
35119
12973
38421
37616
41075
54183
54554
36458
41542
35440
35672
26414
32826
54219
12996
44725
25898
36041
22499
29816
45106
3791
42153
44618
15517
10261
9926
10175
26262
10819
23407
33332
52493
19645
51626
57542
48931
26959
40639
51783
27089
24413
20372
48450
54734
56663
22687
42015
44993
31501
28341
33020
34816
6017
10045
59883
10986
30106
55508
56231
23022
13
32026
49764
22162
32959
14721
45881
17166
35256
28440
44091
12358
41701
57844
35605
42950
28798
39626
4636
51884
5001
46746
24794
42097
6682
53399
11001
71
26199
34605
14370
7688
43966
29991
47096
11824
40663
32354
45401
19673
49800
54170
25166
10488
14264
45573
30158
23956
50173
30707
8952
53632
20645
39864
45889
39656
36546
3079
40369
56598
42341
5263
52722
402
10098
57551
16681
39140
54646
51457
1071
15743
36012
493
52746
44822
7381
23318
48104
46836
39539
27142
33989
30234
2001
52475
7069
24724
12352
37634
28736
36000
15921
47461
7623
16335
37737
775
42290
23091
18847
59041
44473
54014
1302
12176
16984
46680
22579
22821
19120
49470
51860
16821
14570
53932
59574
21692
48062
37918
25195
31568
42781
5087
36406
30364
16549
5421
1719
34396
23457
36193
38877
25901
42132
10655
43829
42669
43461
50031
10543
1125
10520
13833
51162
15039
20237
21892
41175
36491
40851
7564
24523
49927
51814
2257
39347
41586
54065
27094
13985
47422
17091
35874
6699
37626
38417
39590
2535
43181
20313
33611
22807
715
48350
37684
37941
35059
12266
41736
30140
36371
39258
4871
9056
43344
58888
50782
4138
49770
50871
47167
38305
168
30960
52817
24413
8841
47487
14684
10646
48966
6317
44365
17723
27340
3076
15328
6991
5346
20168
58752
16397
56794
29798
1451
50074
12720
23069
39930
25321
29048
55150
4983
31909
18262
56473
33038
15295
27925
7928
17631
51788
51791
58198
28518
12793
12334
49899
8343
17952
38065
31724
2372
16069
30149
59807
17561
33389
20082
35852
34704
33099
13890
12002
58183
49997
25316
36925
48917
23914
49119
57703
57601
37593
48859
12027
22920
19909
36095
54991
5887
13277
16932
51424
3939
47919
49575
26256
56325
3466
45063
49680
6524
52892
9931
41526
26083
40731
55624
50500
54977
59924
45733
10000
3341
44182
50983
50004
44871
6487
16651
42005
4154
37917
5809
30314
44051
7854
17673
1800
4353
20235
50420
32416
8690
51803
33524
10202
33924
988
49829
46366
9788
9624
50138
17723
22848
32384
42855
36596
10578
24102
12829
34262
25598
58037
49991
17405
14267
11214
1313
43261
26495
16575
24572
19334
51111
52836
46960
54635
5952
33603
51053
26312
2827
6958
4875
35165
40882
50906
23915
36348
40640
3916
48358
29541
57634
28160
6017
8114
8822
19064
30737
33425
14767
5928
43466
25133
49869
55807
30682
58563
7132
26529
36812
52368
7865
21018
23447
9497
22366
41974
23979
44197
24814
40121
37091
760
37162
38352
33989
46349
29445
37446
1426
34782
5278
29683
52820
12930
45646
24487
4955
57904
53612
9338
3112
56537
26530
8752
38402
45325
13871
44217
57741
3000
31849
39793
28921
43786
20191
925
44234
39590
41310
29696
1412
13425
29871
36720
14422
31056
19200
4486
50051
50113
7819
19197
39887
39873
303
52375
16694
55971
58666
58156
33285
23382
9692
57831
22806
8346
45850
397
56455
24068
19178
57006
41124
56402
57796
11721
2142
11013
15986
33318
563
25583
34599
51921
45035
53766
46982
33537
15247
58255
36892
38359
6790
56731
26358
53569
18
42251
32890
46502
15029
28884
2343
38858
43618
29535
18951
8068
7354
24408
7823
50798
48612
36490
7446
1464
9402
20267
12851
29626
38202
26530
22745
24913
18310
17350
25065
20825
29190
8928
48615
16676
43331
41831
9815
32183
36352
53920
31370
54328
9123
36315
47222
59937
47361
2021
13161
10861
36507
15785
6040
38614
35173
59706
50507
48517
43642
14388
7004
31014
45107
49363
47503
37036
30961
49021
21817
36254
16140
28903
11309
40220
44132
58297
2367
39404
30482
5180
47933
49042
21812
48997
13371
8988
22522
45779
54395
21542
53027
31668
12957
32319
33335
56622
37244
18837
15719
45201
36451
31580
21808
53852
39822
37141
57492
4527
53109
36718
8517
24765
47574
15741
53682
25742
55629
31144
15372
42291
15991
3253
23046
5636
22185
45397
52591
37033
33307
29505
32490
20578
31560
41319
44102
11822
43827
40465
57708
54353
8897
26594
21040
37734
6913
3080
3689
32239
28458
31413
12164
9607
25753
52470
28211
58145
10445
14231
44568
52594
39963
46258
59259
14470
27445
12831
54874
11162
53804
15346
3035
42491
33363
7310
26143
20967
12743
31977
18006
26677
18074
28821
51221
17558
711
51421
3803
48315
30919
6190
14768
15579
6465
10863
58225
42467
9234
42373
37851
6620
40192
10495
59799
59586
2989
51992
47885
56773
38640
31407
734
26730
55712
11822
52015
13087
11371
14947
51086
27
51892
31069
16450
33254
16835
21375
56363
5880
14680
28379
28625
4166
10901
59828
55181
39435
28404
20780
58023
47136
31323
34065
193
56584
8806
39104
33479
4351
36592
58258
35322
28096
377
26514
3324
21769
50990
32587
37354
57767
28015
24635
5247
13226
14015
15247
49801
15817
29292
40916
37254
57397
40393
41389
438
37469
42575
21907
2411
58597
5064
24774
58229
39720
50443
21617
14399
9286
39358
2883
14637
47722
16830
38830
23157
16022
40536
38539
49429
17251
25350
14308
9741
3670
14328
6066
50011
42955
21534
20544
906
29247
59149
30037
6281
4099
46695
30835
46252
11119
3847
50353
508
20065
15402
22207
56813
57645
24680
46439
26312
20089
46912
50209
47228
44181
4093
34699
56543
3302
8234
8207
1163
23166
9073
17344
26771
16562
41866
22982
22774
58192
29114
33687
7055
42352
58202
39420
48610
4229
21828
24264
27599
29167
55512
27767
54386
36005
27210
13567
33142
45428
605
55511
45859
58743
5462
23998
28140
33376
45032
24686
33802
9461
39590
28810
19277
22202
18770
9936
39374
49191
16013
30972
11435
52362
10711
59303
17985
37335
33943
8675
42770
53636
59607
58011
17357
48705
23572
16335
29271
52353
24779
49591
20834
46083
40450
11406
41172
27961
35028
24126
42702
38251
5764
56231
16206
18161
46114
40398
954
15509
54898
54189
45059
59157
48815
32137
22976
56030
14660
54516
54422
45980
44485
34554
52440
32761
34390
5158
37172
11432
46780
35340
15249
49028
58938
17896
27437
2403
17807
25053
19875
25011
33156
5504
27410
11178
15208
5881
41712
53415
34325
54756
51980
19485
37119
11983
48824
53193
73
45370
51138
13271
26296
30679
57776
9778
53657
49874
40243
47224
57595
15153
10381
6821
55301
52720
3343
44871
4763
27535
10974
4090
32544
13239
590
34785
16033
798
6716
52498
28574
15264
39272
17599
19606
45683
4441
8643
10037
31308
8936
45222
56746
23298
28249
20419
40068
29750
54790
32846
27000
44985
30019
58653
8529
5397
5916
6674
56349
12027
239
36226
14368
55988
40864
26464
29731
43808
40683
15642
44653
59349
42985
5903
25183
11083
32740
49236
42287
29181
4672
35550
22997
16109
32867
19789
21390
44991
20133
5717
24415
52848
962
841
18783
1198
13848
46700
35625
27386
44700
51531
28155
21586
31891
31198
48038
14321
54543
15737
25188
17610
28431
21962
24755
57956
17284
50756
30417
39254
33322
57648
17955
7959
41135
7546
24308
8185
32422
50810
59019
28394
7875
8511
57026
14445
12166
51472
51486
15010
43941
19876
26606
36935
21970
23861
51221
54811
22323
11982
29820
31270
52854
57812
25426
44201
4368
40673
37631
247
37994
33104
25937
42090
6677
45103
41632
26190
16777
42435
18261
3710
52792
17476
19396
45139
16010
43892
19186
32326
31078
30602
46279
2998
30312
58061
25226
57625
14963
39686
16383
33826
18331
8063
1710
36735
41932
10771
20652
54338
35670
37729
1668
2697
5846
49781
40522
15354
5392
5272
2797
59157
24558
10982
56843
57860
34261
25252
14511
15519
48910
42260
53804
53771
59939
38830
41886
59396
56084
40455
12040
43535
38372
37839
34383
42589
10987
8750
56105
3980
31193
27587
32879
2938
1226
25315
45172
7494
5728
57510
14688
12779
45916
758
28924
19817
2168
51169
42090
51344
14452
4817
57007
4931
969
42414
18464
48533
11492
19832
37759
7528
57612
58129
5794
19488
30644
23060
37922
46530
15400
26511
42025
43418
30083
8377
29821
42735
55911
3922
38125
9392
7618
55007
37407
43467
11580
19879
46307
41078
46334
12894
24433
28671
43075
59407
49594
17296
5344
54498
52988
59295
42581
30300
42820
13129
434
19140
36022
19551
38945
51608
48932
53756
54809
9324
47495
13118
78
56185
18935
3221
40361
16871
44141
25784
38435
50021
9942
9197
21975
41898
24276
42994
4641
10173
29031
50192
47212
47627
37065
9729
14359
50854
31261
6905
46681
12412
183
5938
52237
3210
40526
37882
28161
59538
34947
20069
21238
11225
58537
30615
12189
30138
28109
42466
1314
32734
11204
48176
20921
8904
43125
47432
45495
24692
15936
9074
51352
1519
41442
35300
16076
54090
41973
10448
36278
25302
24055
22031
36900
9524
24491
54176
27741
24707
59207
37381
21830
45372
11034
17873
7876
32951
9757
51940
38014
29066
48146
5245
42218
21384
6836
15020
57666
8118
52859
26242
18993
30815
51439
11417
6894
3704
28385
17978
39204
15758
21568
25453
44591
34068
5802
17351
18351
26218
27609
20085
31146
46499
10596
50548
29807
16494
2084
13551
46875
10163
44954
5753
22852
4218
17767
1401
28472
21961
47002
813
53
3781
44202
17073
33157
32779
43625
1695
22975
25046
59373
45195
11653
12914
23858
34244
36207
35250
1436
11314
14988
42158
813
9285
50841
7127
5331
23829
23213
5626
34521
27062
5751
25799
29401
33532
1346
28677
55946
847
24992
58003
59164
35998
3532
25663
3279
42250
10155
38871
9922
101
3163
4218
40311
57825
26226
32340
21383
27117
21156
44324
50812
46870
54822
55225
48004
15159
27483
50097
59454
36867
57716
6187
23257
3861
13873
45457
50027
4566
47437
31586
54223
26
17960
55613
4831
52723
38353
5026
53614
39411
19631
11308
26428
33669
22062
50254
13207
51065
23413
40750
51258
18145
21912
25488
30351
34282
32723
30592
24965
30439
19339
18087
6241
54820
726
11996
59069
34409
22003
20753
12139
13166
14451
31442
56266
53592
41427
30808
37928
4682
33606
44010
8573
50645
11167
51178
44747
53091
35187
21453
53555
14865
12545
10257
5520
10991
47462
505
20467
40709
49290
963
58972
35499
16543
47009
30448
54787
17005
3306
31415
52310
23178
46013
11300
46203
52810
7385
41265
29056
28624
5438
1809
38675
7664
27369
17370
10841
39321
9385
56190
18000
5710
13677
2374
58495
31341
51286
34291
37568
52257
42680
7097
1497
37466
19055
58561
21731
47174
42443
22636
18061
3732
17148
32191
39115
57486
41121
34141
33868
34135
43550
46989
53012
53802
46322
43477
10697
51426
35656
39477
48451
22544
44597
21245
12869
2753
31613
31820
44318
48932
37082
10254
45087
58508
8468
37871
35870
31153
32636
43377
19826
42900
52613
1111
31411
44136
47575
28246
1495
52367
14105
47443
5379
2270
48976
16237
42141
53275
42582
2687
45212
33981
48229
14346
46278
37123
59960
41903
43317
21987
57453
23762
52151
45926
56872
29746
9995
56958
30031
26040
45290
57229
33176
38059
15915
22471
27413
23198
3772
55298
55273
40275
39413
2540
51404
39532
38368
50316
40493
54732
40061
29013
8358
46727
53622
15138
29573
49053
21725
1537
54200
23129
27096
26841
28177
34655
27588
30432
57071
11140
31443
19632
25421
51965
4128
35505
19332
36349
31988
28178
21270
58978
55643
19013
28437
38139
46523
58604
22307
54600
47721
23019
32024
22056
7974
5616
1509
14696
20144
42163
22190
11927
48691
33488
687
19496
855
32872
41228
3917
45552
52017
18544
26127
53096
34462
51364
39204
53797
25037
50365
14052
23940
32604
10379
28307
58952
47853
15764
56633
10550
15566
14592
4552
36227
44524
58726
9560
8297
15914
36763
40969
39293
53832
45211
44072
20543
25723
45342
26808
14287
40664
19891
41346
21339
5381
18296
57049
45530
11822
2386
36342
14106
16991
29068
21708
3352
7071
56137
48709
26548
37458
3674
39872
42453
8487
21396
30442
33741
54472
1158
29210
33829
38678
5172
5306
56824
50586
5561
17021
2744
41246
59624
31733
30943
14713
7828
5915
42330
22906
58072
35460
37257
387
20832
35938
38967
3446
7912
49441
46722
15257
37464
19970
13632
22316
10730
40816
50025
24587
929
6589
34854
4638
48348
23618
25749
57979
51776
55439
57042
41877
49458
56726
40649
55541
3810
7026
13915
52887
1184
14934
37899
20391
21132
46145
59720
30342
55617
28686
4034
36402
19574
45621
34373
39192
51314
49308
4413
59506
22827
10216
57759
53640
21703
43029
14987
22134
52354
7393
2908
12613
17429
57236
45945
40327
13657
30710
52330
1601
6712
26713
20150
42183
45935
3884
21648
17691
39090
4556
46644
50815
49606
45402
30579
1060
49223
57591
17640
10446
48674
32981
26253
43301
25387
41420
30548
39085
50444
8026
18544
25797
40136
27718
14037
15644
40074
15823
3751
25390
17352
56976
10376
57733
11607
12988
39880
52733
40867
58460
55769
39395
33231
43175
42299
50652
8251
19193
42559
36956
346
15248
7325
38841
41438
15556
23467
14689
23502
30883
37864
49262
15486
57045
904
27319
28764
55984
9561
3126
53080
9634
358
31291
52337
44449
45375
28161
43214
29728
49605
14617
15767
20878
48882
45637
12287
9267
13219
8480
7263
33031
44255
36498
26968
52372
39015
12638
42506
30700
24877
26652
26546
33300
12287
49729
39899
20971
21139
4542
45548
29310
19966
49126
16151
8926
22800
31161
214
24573
19711
13733
41724
25695
24120
13232
26918
14345
30905
45708
59440
46617
4690
29908
31702
52502
20469
27586
53464
27313
8710
38021
45172
12480
46302
6109
15955
9177
58432
22255
35152
31161
6707
41301
33199
49787
31175
26210
28576
18844
43756
40411
39600
35287
30946
20370
36224
21374
18613
2294
36257
22228
13898
48653
41567
6745
43491
39219
37174
56830
24068
18623
41914
56487
24035
29927
2628
52846
3563
5847
51041
56877
715
59231
32592
36266
21043
8438
20674
22398
24393
48561
6948
59884
52792
1697
45371
49430
51421
3805
26713
12154
54741
8590
15434
28868
21024
2818
56812
32755
51309
56387
27220
16044
32307
35661
15679
31168
8493
16604
9182
244
35638
42940
46709
39818
56488
24865
49769
17541
49803
46799
39579
4993
39378
50714
14617
51053
49539
51221
30740
50879
12283
6708
29551
14365
1095
57787
8693
27450
47233
10403
40061
38793
53964
56852
50290
16604
59454
47838
24247
24659
23245
18273
58367
38444
33750
22342
35487
58933
6745
31341
24756
58574
52912
52145
11629
42400
19370
48427
35570
44689
50168
8771
26913
1394
41296
29252
39042
45342
32628
38999
48704
30519
21443
48754
26938
23473
2557
17458
24465
19380
54410
31729
30932
322
45798
23582
28404
3420
40694
59128
22989
29802
35203
767
53508
9527
34582
32255
33472
46931
351
43939
30378
112
41080
18403
9369
37392
44318
47761
25293
36267
39202
37414
744
1406
25408
35651
54916
25980
29863
48952
13697
4472
51570
27880
50179
31711
39777
46385
27941
1274
15716
59246
26048
42480
3513
52807
28134
29453
22608
7411
2858
44696
13798
48522
5805
16802
29026
6475
42323
15540
40541
19997
20552
40990
20458
10762
8543
16747
3513
12040
7121
38563
59172
28923
48004
189
32359
2985
20206
57881
22999
36042
16109
17184
32560
33185
54827
57503
30083
59036
58734
43914
13434
36714
50273
16020
54332
35037
21029
40260
58639
10467
49079
14899
337
9525
55322
36722
51260
21551
17178
11578
39477
49880
7640
20081
22352
46738
38450
30600
49656
57694
20157
12888
58784
54783
16705
24565
666
10493
38420
21525
48446
49983
2087
19596
53385
9197
26396
7952
45020
6737
40652
11151
2775
30099
37817
259
26399
42480
29875
56437
55867
29139
17536
45932
39819
6302
53562
54579
43929
12587
57893
30559
14890
35905
52854
53945
59858
32239
34205
14102
31051
28927
31066
39297
20822
32539
13993
44698
42235
43506
50969
38539
47834
42068
26761
49237
20845
12543
38869
23981
29000
34797
58179
37086
37049
15282
16079
27368
18830
37206
28794
37860
51246
35323
30320
11384
5653
34478
33861
40229
13964
56446
50137
27973
20563
27130
6486
14853
24092
39962
51858
59673
51544
20844
52544
2647
56522
21449
46872
19921
3600
27452
11745
25511
49062
22004
35980
3659
45980
28193
9108
9095
56647
32619
35050
59498
1751
55162
6048
40236
3021
48606
29945
43379
11821
40526
45306
27436
32534
23751
56501
5606
32206
46423
47666
10527
6958
17957
15742
35919
51035
26184
11331
32704
36094
27986
45767
35516
20978
45030
3124
18140
39470
21524
44106
40119
47155
44831
1848
12956
59213
50512
48113
52657
7429
21301
46547
51957
33901
57265
49661
19629
55158
33987
59976
19109
48220
27884
42895
51200
38370
2671
18839
10108
32833
36940
33470
13688
38207
16791
29635
9988
23047
359
41849
37317
29115
18249
17947
30425
49953
58680
42620
48342
17285
50163
11553
19817
6197
2533
35892
27948
38303
24888
7612
32189
57263
39309
58691
38793
21398
14843
38205
14142
53305
16007
22683
20408
13921
10512
30053
58326
54276
54153
2691
4623
17974
16188
58945
40285
6099
26389
45282
37575
21437
52932
33508
31002
58248
188
19400
50142
27106
31041
6772
44690
46000
51284
53968
13783
29249
51820
5061
18529
54610
16885
50355
7757
30322
48511
20157
24767
3152
20284
29302
49956
31094
58610
21817
49039
59896
41999
4210
48962
33831
3491
31612
45280
3679
11316
44006
32631
22365
44543
45295
57469
55103
39992
19273
50933
44086
40089
53415
13537
45884
2011
354
15693
58167
52877
35907
1432
11472
38182
43866
33718
30248
21256
40197
7972
37181
12228
3742
4502
5676
37752
18536
50055
30764
10841
41905
49323
55726
42305
50254
49347
36827
12438
25100
52889
10882
56117
14653
19729
53926
43340
44490
20354
4998
46923
13717
26237
26741
59975
24556
20891
22930
55025
18590
26718
57434
40347
42346
1307
12646
35356
27786
30098
46537
12068
42217
4693
22394
56054
33390
13091
24399
5345
52089
55233
46965
47919
44562
15929
49616
49480
16698
56526
33171
1028
13529
56756
5658
59164
27195
4313
19063
58292
3501
53336
52941
34989
20374
45817
42223
49303
307
682
16313
20681
57745
16591
827
7106
55502
14751
42555
28620
14614
36573
59928
14833
48526
13639
13718
12090
30492
31178
28871
28271
11104
41163
9426
16802
32565
45504
54772
39819
33406
53403
42472
45713
29412
13582
30265
40261
50824
53814
44078
5157
50857
6877
9626
8050
41013
4342
11072
12991
14664
44163
7596
35538
45246
22050
35066
46702
54513
53817
42862
21890
34505
3148
9895
4051
34262
4046
50292
16266
22030
43694
15312
55915
13335
45214
26996
23194
13779
49598
42907
33292
29539
6373
1934
31173
33685
41828
28857
11598
24694
10751
2676
21040
54742
49382
17127
9633
46202
54928
12128
4337
31293
27498
52906
56147
7485
49027
23860
19411
46283
24446
30523
16623
19951
25386
23902
55861
27775
45310
24708
1839
23803
30959
14795
28058
17776
17463
52532
4734
9662
41635
59983
53600
47822
18457
20439
59250
52766
42404
18044
22185
49623
36642
42649
37343
56932
2377
39476
49863
1504
35306
8478
36460
54732
31234
13346
15473
1279
56301
39815
35222
45086
47208
51867
58226
31744
44822
6479
17307
55051
33041
1768
20547
5230
42899
18364
35560
44719
729
14449
53129
50677
29727
7321
3947
55377
6657
59184
17809
39678
11476
11659
14629
4918
26995
40890
35744
5015
20540
8782
4809
49124
9014
29966
16042
13248
50690
40680
8610
29715
45002
52854
10799
45388
50305
2984
10402
8311
21606
51166
35778
20997
4661
11913
32639
10070
40424
9367
10321
59367
26091
17867
53365
58466
17889
2130
30879
15127
29760
42363
21063
53612
58812
6115
42029
52771
56389
27032
15727
44287
23951
44158
43045
31750
54980
36716
9233
30799
49192
11715
6004
580
50531
11029
44459
51883
33685
37625
40628
24518
14675
48983
30089
47425
23999
18251
50089
15173
43256
14163
42867
14693
40122
18728
30451
50848
11150
47926
5983
51315
59712
10513
48874
55538
21688
45749
11960
31303
10331
50751
52954
55459
19683
28384
34184
52115
18504
22045
34420
52579
15038
58990
31504
37009
38419
13914
1467
21356
39985
54881
5040
32274
17988
44775
55240
12984
14014
4611
28158
11169
2883
40745
49696
38409
5332
16692
55238
14220
19662
32991
24319
37972
39285
26718
20536
20609
33841
19301
13167
25995
16261
46981
3886
16292
24080
38183
27685
15273
35508
52441
13603
54245
56544
27373
26592
8089
10210
58904
17382
55737
21885
56422
55898
10903
56836
37852
8512
13800
24156
54587
11722
5430
17779
34877
50962
6404
31874
30183
33698
10050
32121
4711
33685
25907
34629
30870
44580
25726
41217
35938
4201
6699
23475
51472
13787
327
54582
48855
42751
28405
35345
16467
44433
59892
28493
55464
5340
23000
21208
12291
10346
48422
56314
40909
38194
3978
2621
6918
35749
16350
55530
48539
53576
17988
40827
15434
56238
58862
20001
22594
27812
40961
58013
59641
54086
46219
31884
41639
24077
100
42665
20811
6740
52821
32062
9366
51009
52842
16089
12729
35760
41123
42479
39888
28386
39398
19118
41583
33434
13652
7597
25640
50970
46598
38689
56445
17937
27436
8638
37598
49640
42462
41120
30600
1280
57596
36676
6547
6608
8984
10160
19282
29947
19727
51503
8941
43947
6487
55799
30900
8936
51905
37477
38777
17410
30480
24255
6455
12659
51146
42274
8305
613
52807
6419
16416
27544
33335
9776
59178
22955
38847
32961
42491
43794
59844
35896
13500
47386
23327
25068
16691
136
1642
22150
48942
47296
54309
54810
40843
43213
49913
47064
4465
48643
59959
44436
27016
27483
31417
48867
27449
4311
447
44587
57522
27543
38212
6258
45458
32047
18709
14334
30800
17068
25010
49661
30152
53734
39234
5581
23143
24671
55727
8594
11130
34441
55787
3848
26763
12415
24314
23134
1467
19185
14603
23202
8321
20267
56924
33988
52839
52472
31856
18918
56471
32466
43629
44491
9877
4788
10766
45268
18320
35578
40694
21179
10923
15142
57376
25486
28460
30221
57558
24112
33919
14792
53618
40866
40416
47436
14168
59433
30824
7788
58443
23516
43281
3529
31475
32333
27228
55009
37878
53562
7767
56450
2668
14495
17625
41261
9925
14058
34985
5459
11239
41682
9778
6332
20155
14745
56430
19833
26144
2831
51939
42786
27911
6991
14519
57135
35940
49696
3744
8070
18991
31586
47449
9791
50309
46282
20653
27271
53583
35469
49978
27044
6215
47643
18035
17324
14489
6034
13718
37468
2942
50569
42059
6785
46668
29680
21419
32714
8500
41690
9242
33075
11773
18809
5917
7351
41175
40741
11324
43233
12944
42153
1034
45581
24658
48544
26138
17748
48745
13756
28292
15616
29030
43189
25244
24062
46091
19425
32520
41280
16939
53579
50399
39183
6620
24303
22745
37708
49211
16800
48789
4645
22928
30520
49511
34433
1116
6614
51921
33461
59976
34132
50223
59502
27281
22764
53710
13802
12957
20140
25932
52103
23919
29131
25828
55827
3365
24306
8005
27356
21290
25020
23308
55052
33938
55365
42102
32020
19294
49663
9641
32759
36964
3179
24397
58649
50613
23844
36087
54757
15656
42242
3467
18214
29116
20696
44152
58958
44005
38439
50490
57674
50625
12377
14868
30715
1806
29118
32743
9763
55965
50667
21495
36458
5467
39171
32362
2003
40147
44248
16609
47070
39429
28945
58290
38513
50064
39281
55553
51923
39291
51602
19593
21284
42762
51296
16934
49416
24536
53308
38420
28510
53362
29179
29681
11552
29505
13412
54283
34312
59534
36416
41405
30292
44722
14051
35422
39272
52723
471
51771
11720
5089
37622
46894
19759
4755
8530
31744
54815
10991
25653
47982
1140
40818
25938
34384
13704
19164
6538
4603
2235
7246
42039
2563
57782
10350
22168
39171
48389
5287
25226
12309
4680
56903
53189
52672
12418
41182
40759
4577
6925
37590
53442
40271
34189
57873
47041
53313
59374
30653
43353
22485
32839
15458
56376
45807
18230
44364
9710
57213
33852
44947
50179
5572
15484
22484
56692
33794
52926
3831
26642
24256
19185
41393
10484
682
25549
1555
51521
16226
33844
51334
26257
51779
14611
23559
37220
22465
52238
32561
17502
49414
28771
14847
10053
15567
45036
53455
17098
49345
59369
16673
29013
32496
11527
17449
24354
15999
28240
44087
19690
39219
48577
27744
57168
223
43935
18583
12537
47209
15694
9138
31689
18796
42188
52424
23925
569
47655
48293
34392
6872
54041
50346
23327
14095
13841
58639
35461
32101
6554
52463
12904
31115
33937
40929
48142
59957
15338
8627
5996
2689
2331
31591
52529
52890
28087
44170
36086
47873
16654
44672
32679
28848
7484
56090
31053
36660
14081
28475
55549
19100
35060
32153
14759
20453
8498
31840
31729
1413
2028
11349
49147
18996
37929
17513
6436
55731
46782
20544
7661
27912
49959
9679
50411
41797
37829
17144
40513
59252
40188
31901
30874
9922
417
32970
46876
57925
31940
38946
46334
20374
12250
9604
52144
11134
39467
11584
59621
12229
9684
54496
22750
29350
30897
7185
46581
3204
39467
30482
52156
25181
13313
7666
17352
6893
42540
376
24179
13923
25344
29844
18737
37059
42586
50442
5906
33254
12088
14240
23615
20053
53741
29364
28697
46457
33161
36772
14012
53853
213
25974
13034
46006
30909
40831
58685
30319
10758
29890
54426
55089
8481
59830
58846
50824
32485
37049
4632
57846
12394
11896
44584
24152
23483
37031
26964
54454
57357
33947
41163
7552
46441
30068
35600
43142
42129
5048
10286
21393
51353
41520
44615
21534
30488
40870
17536
51986
57666
28936
38486
21634
45209
48495
32146
9316
33913
54695
51125
13595
45451
38272
19844
349
52896
24077
1185
26822
59493
13891
8442
33425
6685
52616
25263
46782
46728
6412
48806
4496
23287
24283
10241
23520
59840
37867
54263
9242
4759
13159
35545
38282
49027
52052
49978
12934
7336
32108
11752
52810
29611
52328
17039
54184
7645
15612
7689
29096
55232
30563
38676
11734
20899
28562
32947
46939
54416
36808
57567
12429
9750
1813
50663
12515
9055
12513
26916
22980
33856
26481
6778
19924
50319
55325
15355
23125
46343
9343
13555
9967
26178
39713
25786
31507
52352
46780
29319
36977
14008
30107
11448
47025
41845
43959
42619
8131
54204
21379
54000
59066
51480
3928
40813
11846
16784
12246
3786
58988
26783
44838
33982
24645
26500
44915
9157
48442
34120
22619
38777
32554
27583
1310
56047
46329
50849
59621
39856
8112
24109
48346
37162
1435
3885
29432
2252
24982
58385
34969
33845
51454
45914
18603
19057
55345
55592
475
23017
29460
51241
6744
38419
58928
25879
24719
14734
45765
30794
37980
59620
33326
37538
16269
40951
54463
51889
9319
43668
11424
30061
51275
23491
38776
20872
22938
39906
17876
25928
36641
26212
