27740
3448
4024
49435
13516
48606
39096
43356
46460
32085
15750
38411
3815
47742
39357
10374
38075
43127
17012
43570
51550
4696
10870
49113
30148
25096
10404
42104
45082
11188
3260
54077
7516
48621
28186
48576
7115
32942
30586
30656
18431
42470
46973
11890
18555
35709
23598
38501
13388
29533
8800
28528
5634
54721
21385
14342
18575
52953
55282
28854
28980
16599
55447
16784
57618
11022
16032
43402
28811
46808
52418
6529
21651
6431
32555
27857
32922
8261
23431
47292
31216
55377
46190
1432
50855
10173
49820
2362
56735
28704
36689
2234
28263
7443
27474
31414
59651
29559
1879
6531
