32313
47689
11654
5545
1527
35460
52581
43190
14448
21428
46952
47991
47335
8933
16788
18202
45049
37457
17987
53396
48443
20386
58090
46823
10432
18785
24299
56898
23585
8958
37668
16188
55575
32933
8708
41366
33861
6070
51576
1958
2664
32224
25150
4140
17794
4557
1580
43698
19459
38867
36255
53581
53807
23748
48853
55907
44881
36331
58594
18676
54095
26784
54123
37987
17686
43001
46993
40807
43120
57990
53441
48567
48403
26427
40264
10240
3897
8595
19059
49724
3543
9345
2758
57853
23853
12395
8661
28744
13267
35012
48005
59502
11721
46444
9337
36698
21054
17433
33863
8613
18525
29674
28646
12388
25252
23563
17892
29227
14072
41601
5390
39850
10285
31287
35967
20353
55451
27073
11937
3346
22749
46931
36091
59497
10267
4172
18747
31143
58429
2798
40876
37048
49348
28731
50970
14974
28534
31775
37407
48379
29849
53360
317
28293
19225
45204
27718
46660
41314
23936
41374
54139
25308
10040
53210
36208
13481
39170
10977
42715
23544
13273
35976
11938
27563
20146
26051
41365
4086
31210
17065
21629
57464
43436
47359
15903
3703
56572
9442
42432
4070
40630
9013
49150
12143
40399
59126
13032
22073
21328
26144
45116
953
2125
31930
45358
42219
50225
18798
39392
4746
45435
31517
32883
48448
22654
10674
56137
20997
5616
29528
3542
31731
11287
20236
2869
30686
55527
56793
25070
18888
25001
42341
43097
51445
54719
48876
4926
55116
2992
30496
38880
22196
55738
11941
53718
11197
35906
11592
34350
3116
35884
12039
38017
6973
20809
40318
31961
39390
24803
20694
4634
35609
25430
34300
54873
38961
57531
13207
26851
2245
164
24995
10334
1713
21142
49005
23564
55129
59521
26549
48886
27641
31750
14465
55219
42178
57313
4856
37032
26021
36136
39495
19077
10467
19867
51284
59815
32316
13379
49031
48337
53906
29655
8642
45136
42350
49479
31850
48331
43458
16864
14486
52630
22034
33685
8775
35020
51827
2212
38347
39309
8330
7448
54413
17943
1961
44420
48158
5273
51071
32891
32753
57363
13277
11851
49287
15179
21048
13301
7666
1517
42629
42748
14334
56829
29778
27558
38903
36084
33272
36511
56713
19839
36327
1599
11031
47173
56926
16152
16133
46075
32361
35955
47881
6283
39355
32717
39670
52686
38405
40722
42882
42281
27860
15903
57753
42394
8073
8594
48218
580
9197
22421
36647
2794
31189
22625
33272
23618
133
44689
10377
15682
36428
52925
45350
37458
22161
14878
48207
21257
661
16796
29319
42290
40885
18703
54084
23840
32009
7502
24586
43808
9244
39798
18941
32905
41748
47906
16648
17284
49284
38669
26678
43791
5972
11347
29090
48312
52304
3177
17445
34525
16514
9100
34349
12458
41730
5596
24199
37043
7422
13974
42413
50725
42262
41727
30101
22450
17833
26586
59162
8493
10418
2966
31925
49895
8655
15825
27374
39087
19559
4365
10185
43719
48960
41591
7168
8250
28510
25541
44881
16400
635
21088
9089
6581
20140
56179
17801
24179
15814
30901
1281
43941
22702
9030
14815
31718
40653
55804
50054
19632
55726
59608
41275
8833
17342
4084
15137
45702
35015
6765
44702
55852
56507
40594
29443
448
32322
11888
3164
22352
32655
3098
38934
46015
58216
49688
15478
21174
11008
49462
921
17579
23954
25379
57974
52484
29935
4152
50798
58321
2041
48275
42367
54577
29322
47474
13274
28507
6357
5726
18546
37897
18103
3351
31206
9335
38532
59511
54091
43106
32249
22196
44493
5034
38733
2174
2838
25404
11774
41014
24696
47934
43162
6467
41696
39299
31125
39362
24272
31432
38205
19575
31194
42791
24615
50914
38936
14109
11304
42233
34837
38057
42509
31763
58814
24637
26443
20546
41701
1986
27402
39125
51693
9771
40278
13344
56668
38978
21475
40444
36743
56493
51212
34093
21859
1667
53341
44019
30313
3136
32251
10508
13043
54963
32109
15485
9888
19897
13662
13119
22122
10398
22105
2300
10219
2581
40781
28715
2101
50235
48683
17060
51223
29581
30032
50762
17268
13326
40038
12511
50305
27977
20262
27272
44134
39360
21441
39174
47192
33129
53553
14838
58975
31395
43732
32138
40937
38705
58015
48810
41474
2004
10497
58536
43038
33595
22440
43587
40038
16619
11072
9050
57781
41614
615
43133
10074
34054
16786
15768
20307
14008
12271
45100
12031
53471
54510
28851
3410
50944
35634
19028
41648
5656
23206
19336
11190
4270
40460
57424
23057
59593
15333
26059
5667
17928
40020
16910
40857
57562
2317
26432
20438
52563
46301
43134
23722
889
19447
59702
39745
25463
39753
55222
35439
58206
57294
35633
33882
3290
27313
39024
6364
16692
9103
30458
26189
39019
30828
10231
37546
36997
50409
51221
21024
41436
43659
27220
6503
50215
18175
21623
36368
47482
54625
13266
37882
1625
8402
48990
16306
42347
48307
31283
51287
43146
263
23173
23523
32208
40465
22497
28851
58436
26329
21201
23821
54494
19775
23579
52662
57065
26450
50523
28887
5701
33481
52465
21268
19059
37003
14898
54968
6171
39107
15481
44145
655
33704
16130
200
27460
58321
11477
40736
41299
10694
28056
24748
49467
24624
53959
2482
48938
53732
54277
30036
31668
44590
44947
37603
9545
50971
51329
58320
46247
46133
56261
46333
32584
29482
37282
14473
19425
6604
5131
4516
18103
17122
47622
47993
14098
48712
16548
50483
18421
52523
42855
15023
30484
47627
4022
51863
12639
56292
12070
25938
20537
45224
58750
13550
30561
54609
20532
32965
38573
7392
51776
14495
11728
7765
4813
48508
17178
3506
11102
29949
7698
25981
23360
30742
37407
12837
1407
8960
4037
7567
46172
56667
9911
22104
25415
14523
58883
22128
42239
1432
20154
3913
22495
2990
33517
4485
36406
51814
35316
20111
36016
31376
25835
40784
5950
54220
51535
31825
11084
9374
24153
32190
34837
35075
35457
48118
27359
51769
15567
19073
52923
4953
23372
41370
1179
16829
35535
10515
54117
49403
1160
25222
10142
39400
36756
45719
11199
27098
7709
5879
39200
39662
18549
34748
52085
12952
25516
59169
8745
24991
44683
43174
59100
31179
20580
29804
43688
48713
1193
44632
14500
59286
45201
57042
32921
38812
14766
27733
59876
27829
50686
4916
22570
43355
3354
29182
41748
43438
11738
58025
46596
13661
59348
26936
3286
3466
16991
7635
36453
3397
25186
3119
27453
5691
39221
39030
28377
12887
51448
