42389
24655
48838
11667
49080
39593
3607
58711
52412
4664
25658
6759
18060
30284
22740
38940
21028
4925
18091
31999
28500
57873
26587
10434
3921
15754
37932
35900
29330
23083
46782
6035
25415
19817
49757
14293
23064
53668
56563
18662
1123
16646
35476
49992
19916
59726
44610
38752
20843
41780
18533
22605
4177
5492
20218
14958
17223
14121
6960
34540
46531
48495
36454
25122
51288
16350
58476
50621
29062
28661
28996
10909
8614
53409
5957
19297
32669
7190
56213
9852
1466
41221
18315
42773
49384
23778
42726
1438
17416
33234
49898
807
57201
48841
57755
29212
22201
30627
20354
43754
3920
30018
30670
42979
413
17278
856
40796
47080
55789
15846
7630
51717
18051
56420
6458
13906
5647
29632
58769
21342
25213
9498
648
219
51161
54648
2496
10902
34500
20955
45460
6637
24083
15558
54225
49015
49591
11042
45573
32534
54266
52983
3136
45144
20081
53203
22771
33075
48607
6332
45814
32772
36537
39972
51958
39319
24083
31389
35772
25094
11602
12813
33583
29345
29461
30927
5913
19847
29387
44808
16112
23914
19396
12732
35009
26108
10771
52226
59278
57805
1537
27909
56279
39456
28170
27268
942
26087
30117
25353
25729
4177
51224
42388
9197
3856
6999
27281
26028
13051
44472
42625
25254
57378
35470
21638
21882
18680
4749
37184
33695
36911
38673
40692
55463
10801
38251
7247
27509
14392
17269
3731
12321
2255
18949
54619
137
32940
55623
28161
59891
26878
6484
29675
49738
50382
35982
3754
35018
32727
5541
9430
7877
21156
20625
30428
21096
33043
48204
21939
2407
11674
35734
47592
33762
28032
10874
281
40766
20772
30789
18492
11005
3517
29211
57312
25821
53730
46896
3829
12436
54172
21288
34442
15805
34876
33960
17714
50775
5458
45493
45245
4299
6687
39732
52590
16581
54790
36144
8893
13869
38634
16263
47875
29836
23098
54276
6843
9314
29141
45790
45816
48577
57084
45648
3681
51762
6471
157
48126
11676
41306
48275
3914
31209
22340
26976
26758
27269
4930
14425
26692
45035
11765
53265
50028
53558
52175
14176
25043
16757
32198
19453
53206
51885
51494
35262
47827
10217
26398
15883
46993
34077
2487
16836
1793
53915
22228
26764
37029
28740
36427
17704
52543
51089
51191
4133
26274
30125
54119
49059
39092
28540
5849
4301
214
40880
40740
38660
23673
20977
26111
11480
53500
28439
6585
47430
35344
39673
55858
31410
45800
43873
51164
41514
44464
4107
6320
1919
6589
20485
17522
13417
47448
3641
58819
36396
29950
938
8152
26064
52739
48885
7700
23705
18186
22972
33843
51076
44538
27118
54304
55426
24878
26493
21188
47100
47961
56335
27354
16367
14620
16419
48743
49551
45783
56488
31075
17259
24038
53248
11456
51122
24993
57778
6680
25454
44074
3933
18243
16484
9616
8803
47442
57833
35859
48271
54245
4377
13815
3508
48829
58012
21499
59284
38093
42524
13984
41810
5705
56544
5720
40655
12788
9562
8776
17081
15789
31789
43783
10803
56044
15260
46166
37499
31106
58051
28444
10764
1806
5418
56095
35169
46820
53606
5424
39808
8488
28260
30672
41727
48875
57491
49249
29331
6223
41679
21015
57075
57824
28451
54891
15702
15413
5035
2517
47607
21397
2272
53139
55101
28977
2087
41581
14035
30966
49262
10061
21729
40009
46046
53614
48260
18007
41470
12693
6995
10361
54616
48633
37797
43018
17979
38324
44514
42967
54222
55227
8603
42066
21027
16459
25026
46197
5237
11376
49461
18988
44237
34830
4063
39422
49902
40835
52192
15055
27616
1804
46228
49432
41033
15250
33314
50389
13405
17932
10164
14541
39919
17482
10910
41204
3014
20326
47389
2994
53616
51186
21001
24436
11046
17359
34502
48665
32772
38501
53533
53651
46672
917
3093
26269
44511
35040
40619
58315
33755
51035
2511
16957
58273
6976
18370
35232
51787
52276
3711
48785
49531
20524
48488
20180
11158
4988
8842
38456
24070
36187
17884
27057
18274
48788
976
51651
50591
7989
51242
52798
13367
21155
3112
43393
41448
37245
53223
31868
21184
23812
56403
24482
40899
22712
25206
33442
8432
54499
24703
23394
30663
16642
49554
44910
55152
39454
53553
16897
25674
57112
49992
25997
5430
30047
50083
12167
16905
57457
31693
56918
47651
6840
38157
36965
21009
5437
18577
16438
31318
57070
21286
7572
20123
833
51898
3
27995
47772
44706
56519
21765
2994
22058
5692
3955
50893
40872
5872
17326
38128
8940
16844
39483
21676
45027
19910
48993
56129
18573
21364
2633
43848
19187
29098
33794
24985
8730
1664
22886
3069
46440
22660
28366
36949
41400
42977
16760
39580
56600
11618
37158
16677
50710
47219
37221
43811
27548
36534
24943
48709
34865
59374
34552
29486
8482
55935
20851
33019
18121
11529
9577
58009
28398
39769
56197
28840
57058
23738
39398
47906
47583
15965
48276
56187
35186
54149
17260
27325
2859
6395
9399
59152
45663
48608
54045
10404
15564
32992
17128
46157
29257
14417
12230
13929
18277
56771
8183
52995
22185
7017
12938
26791
13037
13227
24147
36555
8409
5982
598
45467
30856
51328
21471
38883
48397
7064
59286
42820
28370
31760
22040
35363
3546
28702
16446
6238
44124
55693
13287
32928
5175
51937
5394
38410
4032
46133
35079
12480
6317
33162
58260
54180
23406
5582
3567
4300
39526
54689
2555
51412
19305
47562
2507
21031
47750
33016
34402
52754
43072
24678
37102
47367
43180
49932
14096
42050
37152
15489
19010
16801
52076
14007
50233
32315
16721
12117
22171
7491
39829
44035
18340
13726
426
37484
22363
7152
2357
14535
1047
21732
34859
22640
30935
53035
39111
18806
20341
23226
40804
16327
9522
4540
29927
27258
16102
28754
13890
36487
12789
29338
57403
31036
46330
33559
14815
59589
34812
24027
45049
52739
5723
16230
2998
25101
50700
26274
55556
57078
2346
46806
56757
8224
58853
40781
27791
22995
47962
16872
35842
46196
38667
11290
10247
49936
3347
5903
38190
55375
4008
51214
33961
16569
1460
15410
27105
14295
5381
45473
58391
47031
16898
30562
43012
12249
55093
30777
18759
34017
31586
17886
11425
55908
18100
26683
11387
48499
20332
19705
45544
42258
34090
11257
45204
57589
4837
19131
11458
39168
56397
51413
27476
30743
49169
8474
53051
58511
20669
26672
9498
49257
27812
52330
44513
39161
3364
33335
54103
55785
27546
6072
28011
15290
9556
56356
43863
12675
9916
57093
16411
27084
5206
9742
6021
30776
20719
1662
24182
53716
56541
46773
28579
465
4195
22867
41164
34223
25736
28605
50939
39508
19751
19193
14576
7373
11942
17136
10001
39508
50029
97
532
7315
45325
10858
33432
41732
17799
6032
18275
7023
30167
55671
10001
35559
47892
54235
34997
30143
25781
21608
4284
10987
6583
8020
8612
31008
51451
46223
6719
18776
2845
57117
20321
709
40731
58813
1410
33972
58799
31284
45286
969
39695
59041
13950
27707
40752
12418
36647
59414
57414
12104
49537
24756
21840
28845
1449
15128
18671
6319
11201
20182
16670
43719
48740
46877
55750
36446
9426
50268
44032
56007
53369
55847
19530
41680
34405
46995
28648
43305
37075
2367
43489
59829
37372
55968
53718
5312
25169
2331
39134
13645
24939
52311
57834
25114
18451
7340
32750
20798
18321
15748
42188
45140
59983
40960
5732
42227
2084
43465
52912
59696
54846
57676
52012
33002
18666
14610
50658
53694
36895
14442
39679
15923
59866
1078
54701
39371
48608
8913
26148
13331
55430
3494
950
29021
56475
36082
43812
909
48701
51462
38587
20274
51271
26035
35269
19330
52292
28206
51086
47083
21095
25683
1964
14509
18
11308
3239
33085
10999
23687
24645
35210
36361
48485
39714
26366
10078
22271
7633
3852
13962
21303
46941
10349
6565
58512
24432
58891
16511
39768
26561
40382
2397
46102
25279
25757
17206
46083
20352
7471
35901
53906
30103
23590
57554
40399
33258
48792
41273
50779
32129
6281
9376
1092
57169
20116
31767
44493
44942
52998
55539
43719
12830
42631
39868
44787
6798
37683
6583
5733
14186
36783
4212
24845
6849
26049
10345
36329
52664
33157
32953
13079
3786
1748
7046
51429
26494
9016
29880
59216
34326
17585
34854
19859
31145
54207
27230
2297
13130
4430
29413
390
39359
52546
37627
26446
25566
45666
5183
11410
57564
44015
43240
11670
36982
12703
42881
32415
22311
4162
14487
16837
13972
1093
46111
16397
21961
40709
8728
26385
13285
44569
12004
47415
22313
16207
28898
49131
48634
54681
18654
56038
56759
29836
48087
7384
9014
43493
9038
43572
34228
15589
55592
3065
24567
34235
56444
5587
43674
24646
454
16338
52648
5709
21351
2423
65
22081
42106
27140
23007
57085
52915
55443
43049
21339
37105
59238
14993
31604
691
37603
57944
49727
50664
15491
19946
6631
43200
51086
42700
34627
49449
55506
35179
52380
37232
26657
34402
31555
28288
40387
27431
11343
58595
9980
45975
33283
22437
14997
40617
7966
7307
34460
31820
45860
40598
365
54669
56724
28526
15120
5856
50482
50866
56141
57687
5787
37180
46000
8918
51718
3869
19841
14014
53254
55227
9799
24632
18329
9621
2313
36996
9384
6050
57393
48727
28235
59541
47108
25135
5122
34793
59924
47509
45690
35813
48566
53933
1216
14912
35197
2277
29188
28969
16663
20479
2086
54270
16114
38478
15083
43097
43404
730
33640
26415
52980
26455
10442
13135
15544
53700
47542
15143
7806
55714
53748
37860
55130
21670
46357
59856
26918
20543
14113
55292
6858
4447
36179
13085
54440
54769
12812
33930
26078
26011
56447
32615
22435
29908
53791
14700
15577
43525
38632
19722
14914
13549
22746
37116
19331
28275
15067
43397
913
59509
16351
7764
44550
42262
17676
49767
27205
6793
9963
55694
33491
50454
22890
23500
48886
22539
52961
55940
30004
29429
54247
31037
43085
10718
24377
2929
55717
22332
38145
2834
28799
56964
52794
8954
42812
11219
57702
46037
56081
32130
22
23886
40832
27157
32052
59459
26072
20178
43045
30592
18090
3135
59828
45220
18525
46644
52928
53729
47914
20321
36478
9771
15199
52255
6246
21512
12404
7536
59042
14795
3346
15011
13309
9647
54795
20210
8741
29882
47292
37193
30032
44865
30142
54763
54088
29948
23686
33829
55442
55476
58278
10393
15214
19032
8787
12425
34829
10749
24420
37558
48222
47747
26277
36150
18509
3679
21221
35735
19864
39913
9006
39075
5185
3289
19075
27018
41401
54426
2161
17787
27669
6403
13562
4848
29802
27157
56076
1875
11613
44083
35808
56426
12735
51783
51687
28457
35491
16872
49081
7685
58588
53725
40447
42042
10975
44411
48082
22242
48125
37972
7800
30827
53673
23050
41962
47180
55786
32819
39210
53446
26202
6039
28479
18470
43520
32028
8016
15207
32362
31779
11604
8450
1900
43040
23733
52955
55245
2572
19029
7634
19921
46678
2633
9063
49795
57938
36290
11385
15646
16060
22080
15309
43284
41991
35745
52710
34050
8379
17055
24428
25031
11420
55512
26026
7645
17835
28123
53860
15792
45272
53906
24417
6945
32281
43446
18719
28119
56657
34812
56037
29672
1015
48029
42836
50037
8425
16874
11161
13584
50829
48604
43843
27393
7285
19136
44305
13628
31631
32615
16617
39283
4170
40739
36973
55745
40900
35118
12616
24878
6245
27520
47051
53704
10585
45094
57763
19011
23558
9045
52777
16247
45104
32063
33612
3601
16153
59325
13712
37283
30008
30289
20443
8546
2000
23363
37064
47806
27277
38057
7685
21234
4161
33724
20658
41588
47135
20132
27117
24416
41373
12773
2588
19079
12728
41030
59539
53272
31609
39652
45853
30947
1896
1569
5237
30554
1796
57109
38084
5973
9621
49592
40675
3277
14401
56454
35616
29267
45633
36878
20440
55885
35548
46132
34997
18286
57460
58641
7604
35507
54392
2363
13821
39289
28558
26618
26893
56557
49283
5339
20603
864
43904
58582
6830
43543
1511
17405
41998
31853
24907
49874
16517
26987
35272
5436
46307
48630
30958
50394
52712
16278
33043
22291
57094
42519
59173
38676
23797
8335
48001
31349
270
37353
20350
32495
40103
35773
48956
50516
9775
36136
57386
46071
40529
11076
10640
51911
52115
59637
11552
50809
6908
10844
8969
18669
19671
17201
22049
20856
23959
51625
6746
27688
11521
22353
54536
57315
32759
39883
45297
21288
37403
17638
11680
56884
2462
33085
53987
19479
24447
26051
40215
40088
28534
34589
5234
39594
29566
50211
43452
55744
33159
1821
24690
52507
48208
35291
10032
19430
50153
8499
18258
24922
35289
26013
39783
23164
34555
44699
39729
55351
32463
15202
47305
45035
51024
10511
54353
22668
52723
48362
43320
4408
26083
36056
43892
56156
43121
35755
39511
18732
5100
59457
37802
9024
42782
566
14344
35631
16641
8026
27457
