14257
39659
8807
21268
56949
52459
33376
57591
25630
7937
32271
14593
21893
19486
47869
20296
37327
13059
44374
32809
48476
38893
32814
9695
25194
39671
34350
53468
43438
24943
34212
21436
21462
2592
43733
30858
554
41929
19480
19131
50030
48806
1222
44900
14290
33449
36961
25240
52580
35776
12218
37450
28465
706
22579
39194
17174
48549
26671
36431
1530
40442
52531
22576
22535
59864
5193
13501
5905
58062
49987
40011
32599
9258
25143
41646
19150
14181
43949
27299
3322
53574
39257
54006
52779
26789
8875
30275
41019
45548
8053
54631
3218
9846
48114
9785
5333
15465
24397
55404
1654
57275
38973
10860
25722
32954
55086
58225
6038
1221
53857
3435
19989
15985
53552
49009
17146
27928
51715
49883
19749
30273
43159
13687
5091
26900
32756
17161
28015
14611
47327
8822
35675
20275
9649
40017
4389
55351
30299
15864
47078
45245
2529
44682
28454
26599
58828
33234
17352
17042
18441
44946
41924
52069
7386
53991
25596
6796
38477
41114
49538
50280
59723
19367
5177
49893
38151
36124
3055
43030
21363
6585
37223
20376
31153
30417
16019
10908
33125
56811
48749
56244
11144
22271
39959
34444
27522
27719
2706
47362
56317
47912
1477
42869
12452
22374
820
11257
3798
18105
8227
17318
1881
6005
50403
13550
56321
37739
37460
22753
9488
3507
42659
308
58809
59826
22931
7410
57732
4637
25171
44353
25065
5372
45006
19005
48906
45401
22547
20455
59409
34341
58746
31804
35775
52852
3947
20362
43955
35631
32928
25543
31465
42478
42840
30163
18433
18102
46994
26561
21329
53806
43013
3795
35942
13412
33456
653
22195
24579
15725
54377
28103
12186
59231
42539
57249
55999
28827
46259
53622
15445
23793
9746
7211
30154
49303
6288
59808
58364
19376
5340
48300
30899
12564
33505
1422
32071
29525
1719
27103
49318
50772
26959
1076
26967
29878
41976
33295
47736
13478
59690
53665
27818
14573
36179
12683
48588
46994
54642
15373
42472
51608
19901
892
17441
50396
39383
21710
15868
8775
19847
53875
16365
27536
33048
43686
44203
13190
14787
39695
57746
53871
29496
54643
21113
43982
49632
36229
6053
40246
33293
3281
18978
57280
321
42625
11925
45562
35655
15119
23482
22521
47128
55471
13471
36761
59954
25333
6729
49741
2881
58777
53183
54046
39049
43826
31046
46998
23113
38937
17871
7918
19520
7825
30975
34346
24720
44315
53126
6095
20651
32134
16739
32117
47034
20623
4729
2434
1427
20463
54142
20195
43828
27226
9786
30423
56612
53612
29626
38963
27188
16092
14057
27614
3303
44838
1665
1239
25417
52371
4331
43473
34423
28422
57626
923
42596
26573
52786
50323
4629
53868
12925
12660
49144
8411
38987
27248
49602
4908
14990
36614
5489
11125
53396
22383
28603
50654
59898
55318
24534
35393
21631
42594
10906
1246
18759
56894
54822
44902
718
12201
11824
39477
22949
31036
36811
41334
47092
50478
43562
51646
44632
20636
48295
11820
20798
47703
47203
54071
9731
54582
4389
25811
27815
23293
56429
4716
5421
44650
43943
5882
1520
21515
50999
37043
25861
30629
19043
6654
58700
53982
23089
8615
25871
15911
55055
59731
6877
23619
49326
24395
50277
38125
52305
47382
54942
36499
54349
52466
54973
16141
25530
10603
46464
5625
9769
9033
40012
45453
16959
7380
4465
24320
43722
8804
7751
49032
36097
41408
45328
52045
14457
17653
29559
1872
38727
24603
52799
31263
8692
41063
36117
40382
36353
17927
19983
57432
29534
15009
12551
2779
6422
33535
39994
24887
35803
39594
18542
57791
48832
54333
4421
6870
11077
24722
33026
45189
33201
9095
24051
35612
39341
8545
25147
53962
6764
37466
1309
34865
9778
45196
56876
4566
41434
22670
45510
9417
45732
16944
43591
10370
39785
9702
39169
37882
42010
39753
11826
17801
47850
46968
7373
38900
26645
21050
23686
48972
49851
15933
48545
6820
3654
31994
51215
18140
26979
56399
41455
22466
48651
32049
51422
49591
25410
44228
610
14084
23577
33914
30410
33661
20916
19812
30748
42780
43622
12330
42068
59054
36061
33211
39989
15356
36488
16725
5282
39423
50200
49509
21831
18649
16879
59190
12699
49639
51635
29981
36108
22978
36050
21005
53676
49153
33996
38908
27513
53814
22412
54818
17888
47134
24535
3570
49231
35249
32839
16223
47978
38052
52009
42600
14061
22347
42362
39245
13636
54373
10484
20355
21025
57236
40496
9501
44633
55988
43660
31715
46059
37324
48554
22540
53772
27551
39218
31499
52237
41273
249
5245
31572
10427
29977
43060
53404
43870
26532
43274
7545
9365
53746
31443
47977
20930
10065
47871
54764
52326
4102
48204
5440
6641
10057
49686
42705
4038
45480
53202
15206
52760
22872
14656
55517
7503
48384
6490
21924
46030
6940
34120
51311
53100
6845
52467
57994
58273
6114
45837
5725
45756
14938
54687
11932
46370
46987
25626
25841
31576
31829
23061
25605
32454
2209
57527
7469
55878
43022
15086
25925
41616
46339
29145
51842
52399
52268
40959
21458
16351
14531
26753
11106
42341
12266
24468
32966
18000
15125
56311
36400
48156
33096
39795
13241
41869
35338
5465
53520
54437
18777
17670
31598
24483
34624
24652
53520
12376
41798
8396
30279
36358
44365
30938
24757
12191
3378
16655
42811
45418
15172
7817
41430
27763
51513
12128
13491
7194
30045
28338
13748
3678
59406
40374
17945
14094
17862
6175
47465
16990
13975
18221
9126
27188
10599
59315
8918
27468
11321
20990
19533
58253
18421
33560
17770
31762
28122
36295
25321
4504
34006
35760
4174
28809
6647
58288
13824
1814
38720
50066
6338
48889
9936
41782
50857
29053
51177
54252
24645
26012
824
45743
15788
59634
34722
53365
38692
13323
37905
11004
45746
52815
30159
55440
29580
14360
10513
82
21346
1738
9760
56105
53909
1769
21792
37776
2153
35965
23925
17553
55166
21302
5129
35440
42387
56510
56459
7875
10246
34763
39780
2406
35859
41416
25906
43476
51201
47598
21477
41028
4571
7244
18841
47094
25478
9590
43253
47841
59053
48568
59830
15480
41580
27283
16018
11345
13324
15733
13754
36172
57140
7978
32202
43536
52050
42258
56488
44261
48101
13908
40971
2542
30030
32705
58842
33979
53553
4008
32106
42299
42248
37782
54443
212
48370
31926
17691
16637
25990
56466
52771
41260
45627
652
28928
51733
12445
32068
39295
48949
18563
20005
38878
22412
53136
54386
9464
52656
3799
22814
49397
44964
59932
20598
50935
46983
58099
56910
8156
9638
50347
33825
21261
37787
37770
44342
14914
10239
1291
2152
29691
35259
6065
23464
1402
21079
9183
8711
49008
25463
27463
3061
34784
30623
31905
858
29224
41113
1583
19556
45959
55065
55769
45781
26863
32185
20766
40216
5864
8423
12749
39243
36294
992
7776
29775
57874
30645
25566
14363
11761
20920
28499
43524
8369
45240
36199
9975
36723
29700
56695
8520
14382
33678
52445
46817
55186
38097
19063
14583
45367
681
16542
46474
41776
7937
24824
20853
47464
44884
3009
3662
47716
47913
13388
52836
16636
9048
21392
35247
13948
1901
7801
27829
32018
12114
5732
1279
21440
19940
27857
41247
30911
30057
350
36840
18750
33407
27153
22843
34141
50112
21703
21767
45501
20959
48717
46410
29462
9521
23908
58981
15874
1142
6331
46955
35705
59511
10435
39084
4426
40205
56376
35273
21613
18231
11542
40231
12108
5155
23995
30913
8972
28910
15420
13019
46189
27877
43751
38400
43306
2366
57723
20909
25287
46018
37630
37644
40771
41984
33266
24019
28512
45410
34548
56031
36663
8278
52002
46117
53943
35640
48885
16476
10456
24107
57201
2280
33046
51921
43968
46553
42218
33940
39530
4048
12721
13614
37833
55677
12381
42593
55132
47952
24849
6512
52301
29700
59210
2703
52371
7042
17778
34662
26951
44534
49254
19170
42820
52851
41989
8034
47733
53989
21178
2830
59964
21450
52341
1576
37868
48759
51435
42417
48908
6620
23331
37447
27270
11763
51613
50189
41297
36632
4670
29025
26539
49712
8863
32335
576
43820
18638
39079
36812
57968
37687
26488
31762
34925
29944
13976
10676
31121
52795
1019
7613
22318
54128
51881
52395
54419
54067
33922
31083
35406
34655
17577
6886
1479
19911
38827
3537
1718
30887
48798
48424
16537
6280
55670
20298
3500
36160
15959
40858
21565
5493
11205
29723
24795
7548
48442
46806
13060
34476
15074
25292
46022
46947
15449
8142
31842
32733
24398
5344
38582
6421
35310
59403
23450
36299
48091
40801
629
11674
57056
27502
48247
48304
14544
50235
44171
42265
23012
38239
41412
31572
21338
589
32678
5240
43806
35495
3671
11480
44704
2472
7818
12972
26307
30158
7225
4601
24229
37327
40997
46943
45048
5532
57231
57385
42325
59129
57050
9133
21164
42608
13610
4757
32328
37840
6577
49928
33889
16353
18053
36993
23870
52164
41123
42565
45589
8063
22339
11935
27950
7296
16057
28486
30294
10900
23520
35031
53311
358
34745
45346
35613
52368
2062
39121
48630
43586
1527
7414
6325
43196
2486
55542
15247
51315
2713
34821
6392
49874
43718
31465
30529
12125
24974
44384
21379
50210
39318
3333
23662
53730
18258
30736
17120
41365
23279
27727
18954
13942
21135
20882
15970
32867
32358
25072
1963
43197
28368
1719
24362
48045
9043
23565
21060
59856
14406
58697
27814
1307
37467
26283
15668
51643
32233
36318
16202
34053
369
11343
49242
58139
47666
38786
12003
5658
14048
7565
934
57248
4306
59618
15937
58752
15841
43257
25389
55133
18724
12983
31413
11664
21131
33413
15332
53153
25776
48354
15611
54424
37195
2895
46067
37819
7114
41851
40505
33066
58712
14051
3908
57426
13093
51342
26822
29456
28232
8137
38621
35594
32794
44031
54507
32107
51728
42734
23318
57337
8970
20390
42148
51119
57793
12163
45564
19611
28005
25435
17038
41800
8476
52341
33978
25165
19490
13040
27656
48639
32277
26920
59368
44647
28969
54591
13411
34648
6005
35237
29071
24647
28329
53728
26833
19006
9085
34498
57609
39739
52052
46369
20865
9682
29718
12287
19096
7775
50286
46451
17428
58795
58422
59325
53752
35514
24461
55546
35061
23194
22098
24099
15577
45989
39602
47962
49502
3753
39265
51126
51635
48639
32280
40474
27380
17745
29276
14046
5353
40122
17100
57233
43119
29625
47934
18246
9893
2237
57603
47292
39392
3689
1749
47905
13274
44091
30586
6158
53700
59484
54172
38840
12957
20570
55977
29262
27692
34810
10794
54762
47875
21650
35460
41159
5997
39981
8123
10751
48606
17933
46139
24851
17044
28990
42883
59463
42787
56072
19692
11058
6022
56929
56346
45804
26963
32993
50349
1589
40755
20900
25247
8367
43847
53594
26075
22347
50505
43598
56624
53469
37355
32188
21620
5831
51986
32010
435
29900
30894
12302
11481
30886
21693
24215
27545
56147
28875
27653
24191
40241
31281
57062
19660
56278
46472
51236
9188
17096
19110
37726
52338
54561
15519
5699
33
6607
46315
24947
23962
5775
11447
48020
23646
13024
16001
58560
37699
28983
24460
45658
17989
50376
36473
10460
21176
5926
58075
52169
34652
18034
33571
11084
52221
13489
15046
46909
7210
22208
46250
39479
59165
56267
2784
24886
47325
11147
34208
58879
46520
23897
51455
6527
48167
57727
26368
6172
32025
17223
50316
35313
35194
19610
32403
43225
15360
46054
26130
21988
39813
40113
26224
41715
44205
35504
23952
20331
39698
23876
56415
51735
5837
27294
46778
27460
36461
48964
5643
32549
40118
13683
43551
39542
14405
3735
25319
59513
36781
48860
14119
17988
47750
1494
54246
57640
9193
54174
39464
14436
21048
5399
21212
32584
45994
21866
38807
39129
19012
2556
36514
40215
10601
9453
24937
784
54054
15923
53575
48151
37662
10888
13819
13828
30709
36454
46988
28561
57083
17979
4452
47354
43572
35847
46248
47616
18289
44581
321
41037
6806
5844
16588
43594
45341
44766
32353
15106
17018
34089
32557
9965
35878
11110
15809
41761
12958
6982
51762
2495
23283
18493
24516
58394
52256
34553
9557
11252
13606
52192
19556
49027
39301
17438
26860
24361
19619
16054
46847
36184
28536
11689
12509
46104
3507
11805
22480
38068
58414
33824
57244
5195
34116
54632
36880
50674
16387
11478
13531
43665
31059
27896
27030
29750
48040
2235
17829
37878
38816
10224
51323
34713
6902
50827
25089
3019
8511
12964
10370
9072
6643
50192
12074
36737
54291
1825
38477
26503
21691
24980
37500
37753
45916
6644
3644
50613
9789
19549
26775
20586
57433
22624
39221
53964
11705
7316
49747
28467
44707
1107
31311
40913
57549
54357
54006
59590
6331
54107
6411
41429
28871
56327
46023
14277
1780
24319
30618
43806
39340
5716
36469
8485
43130
42868
15189
52352
20970
37346
46965
3590
3475
21622
39225
6040
8182
13785
13178
22087
49739
47749
44985
38891
47181
5308
36774
9393
57410
20345
16444
20111
30961
42517
9241
37642
52108
7648
8541
11424
41502
48886
44776
9011
27735
55038
19485
36792
25898
5131
3948
29000
29614
59118
29957
39271
24296
7097
53695
33433
42046
32974
11526
309
7266
5664
54424
27426
41216
45637
16115
8335
54283
11698
54046
47956
35001
21313
44887
46993
5588
54183
14241
14167
9669
53648
19888
25979
31238
57701
59603
8347
26994
9175
41498
29136
43399
9449
34417
54256
47041
40325
49504
33461
53211
30088
20882
57530
56054
54270
31005
17518
14330
16007
9916
18077
22660
30214
20363
9687
4990
2695
46582
51120
59189
36574
46550
13370
2198
33801
20922
39762
53036
27275
28084
3529
27219
56962
47722
13167
11945
5384
21963
57755
20666
13687
13403
36281
2742
21709
31394
20571
52449
18069
34591
26537
24075
29070
49462
56580
5888
19716
48589
59363
2173
52181
58530
25657
53674
5865
44274
56074
46418
29404
27678
23297
7785
37266
56886
39460
2552
43636
25254
21557
56850
36368
36243
39053
38461
32153
27485
44375
39419
9148
24559
32268
45179
24669
8601
7668
7418
28888
26026
13843
32319
39944
3748
43182
40187
12000
14341
57038
48369
45888
40550
38066
56148
6908
18817
38415
31917
392
17610
49130
872
25466
25269
52722
26249
53410
24033
34111
34606
44109
56
39629
47968
15919
21141
49266
59908
18801
45232
17700
14661
32540
53161
28750
40277
57563
26502
964
31087
49759
41099
7421
49545
45334
10887
41950
55738
19968
59378
31158
1085
52474
22675
37011
1607
472
32023
26598
43219
20481
50448
14336
59557
21025
28456
20506
22422
48686
27069
32273
47995
34261
55803
15333
5045
5953
13995
36615
11108
23074
47988
26897
31664
10532
33059
13064
17843
17730
12742
6068
7892
13325
59162
46746
51369
1108
8649
9041
47424
13953
2115
27167
51751
37970
6386
4385
33053
45715
30886
36840
52635
13043
56635
35794
10157
20882
43480
46154
21787
26231
31558
2944
16538
8781
56732
56025
11063
31544
40951
46698
46084
33218
27281
42638
11546
44111
302
52091
29974
48330
11337
30260
7042
24309
59176
17365
31317
15444
24715
8010
12555
15657
49385
49558
15457
51447
29816
24113
5566
53639
33112
16575
32328
21986
5345
12414
59816
8001
52067
15450
19894
44171
14833
50306
34432
7952
23069
16615
10229
46665
38528
12439
30512
59506
52385
18074
15352
23022
14601
13425
32315
21086
29269
27720
34703
7767
12065
48544
23571
8786
40995
8965
51252
4161
14378
7117
23436
25464
32782
47238
52826
59193
22891
15993
56851
15808
38866
42175
34768
18480
50679
22573
25451
49230
46208
9166
38604
47880
20355
16469
11773
37429
37443
51506
56439
53821
50416
4118
40041
57083
16433
38806
59124
29732
35080
7581
30299
17244
30280
86
38507
52045
15373
53487
37712
14871
54688
44365
32081
36638
25663
29261
17230
14460
44619
59457
34041
31484
213
33199
7219
51485
12635
57126
31036
37109
40818
32335
37788
38292
13263
38068
32293
28487
57253
16522
25467
56846
54475
4465
13044
4637
5990
58119
40253
48559
54891
47344
12291
58017
30689
32687
12992
27349
35925
27079
42020
56348
67
8865
30144
42781
28503
1395
17627
46445
34652
50695
55351
55241
52329
9677
22612
27022
31888
24675
56411
59282
14657
21714
31718
947
56824
40293
57003
17771
54573
11044
31387
56684
19186
30627
28897
28524
8409
6540
23642
19798
35697
20401
32493
21413
10461
47827
8228
50482
5991
48663
8599
54347
41941
47552
32023
58316
59438
30031
48368
13729
17319
34353
40107
51551
1249
33004
42305
41026
43849
20200
27148
14948
13191
12283
14105
2363
2549
5570
13044
47215
7264
49751
40915
31443
35318
24408
11376
6811
59800
43121
21296
56190
8294
51495
35463
44594
58602
1874
3728
28
46822
7692
15562
56564
31298
15966
51629
34563
25368
57905
199
33904
38774
11071
41941
1026
7640
53806
37682
59920
51491
24827
17375
4758
34647
33161
27532
27041
4690
36522
46749
43307
25807
8487
49595
57826
58208
6281
33985
34807
5877
36623
24305
18663
51328
44429
44886
47952
47855
19487
3120
9644
34444
8644
9621
39996
2525
51362
33563
45594
2045
59227
25891
12535
2910
40425
14197
45690
53297
17122
18157
12344
36090
27576
16765
6549
57122
49801
48939
2761
27308
56864
57921
8326
54961
25463
5182
32616
50214
29530
27667
53226
30095
2856
7342
28597
15800
1344
23130
9805
7385
58924
55781
10095
26501
38070
58057
41206
51308
38833
42383
54851
22295
43993
7141
27413
22826
54410
9905
41763
50734
43701
32161
17471
40477
54281
34829
13646
50850
58534
35498
49736
29113
2519
8736
20732
48452
1274
55500
8186
37136
22255
8092
20210
35805
34229
10784
11523
7074
14279
4667
34878
12110
59557
9934
13440
11816
7943
16348
40492
45572
696
52954
4542
16548
36555
37601
30568
16075
25679
44211
34837
59956
6139
35770
40075
52741
33296
16256
48153
10189
57423
45300
47601
26614
6274
19804
15146
10530
28442
45872
42230
29950
22706
40835
10436
55923
10814
51960
5792
25159
16381
26482
28422
22077
6668
12191
52832
39268
33226
50252
40312
49732
51633
24672
9609
1062
30760
1578
47909
59632
1429
21600
17571
29699
58781
19862
58276
6390
38861
53527
56902
50238
39280
36441
58641
14919
9863
36604
7339
44421
13003
16334
528
19483
43917
13838
18256
56626
16625
49311
53150
55929
10428
57710
3232
14868
26852
9207
38866
55737
45740
42120
58959
1257
21940
11909
6190
58112
32755
6049
35838
32667
464
47726
53603
58347
29125
3869
33203
21109
39723
37520
20102
47642
23203
34533
36896
58543
11340
19859
41551
28469
53268
938
927
51581
15084
46407
37036
30883
54889
26640
37217
17210
11011
13606
23034
32787
18676
28200
20861
26430
17578
20950
48075
23758
52864
53078
6113
25493
16453
19269
41203
27494
17626
34314
17101
2234
4705
7933
46470
12231
43134
24076
41373
27629
53525
16002
35694
5505
29051
4265
4013
59361
17085
44580
17992
34672
45524
46722
15665
23938
58679
1599
28541
18917
32610
8055
2415
47759
15972
51824
16775
38973
44858
55807
47862
54293
53469
53246
25487
1301
1291
55142
57405
50303
14917
30626
10586
29883
47821
35064
59312
48915
41716
19521
12986
22474
56217
