6563
32415
33419
19056
5229
32087
33900
11900
49795
24682
6733
27046
19501
23614
6344
39575
42989
41068
45845
55502
59425
42219
33875
53319
36521
30694
14215
30091
14817
59077
56778
7235
45068
8504
33448
48248
20344
12351
34761
26966
12996
58767
6125
57218
22933
20315
46194
46618
38592
45942
20760
612
7927
17632
33683
31170
28625
13707
39288
18335
28999
17122
49947
5184
16367
28885
26148
55253
7236
45758
29847
39901
25198
36858
55144
18905
18526
25811
31025
15436
20939
16123
3194
32630
53884
3298
4989
24386
28848
1143
33246
12102
14632
13469
29790
40419
25302
14820
55074
29405
20676
9784
50998
22764
57473
14620
13148
22519
28132
24086
29620
46426
53029
21706
33506
12085
20774
31252
56544
34205
17594
18209
39566
26467
28219
47366
23049
44445
18956
29374
37453
38097
14621
57044
34366
56678
11006
12169
49557
93
9711
44745
3715
58355
21524
4569
26435
35404
49891
35989
28053
18284
44437
58424
35125
30276
1692
33797
27169
11573
9719
44650
48459
54884
522
57092
41718
12485
44063
6754
32134
5348
21525
59916
2060
58865
33910
30727
58220
3
19848
57687
37098
12249
1043
31531
46290
5718
36862
11989
1376
21616
49259
49131
21840
6811
15590
23124
48385
17951
22704
9911
13747
31976
49474
45499
45987
48723
7552
51721
38718
47673
28615
46534
46428
38912
47819
25794
48281
53562
18885
3003
52270
52319
3350
57364
36223
36876
3806
13603
2906
1246
42418
2060
15351
54019
32499
52275
34142
478
18870
26863
50270
10678
9028
48979
10309
35329
36679
2385
24385
2635
15849
20489
36696
47509
44030
3984
11066
35409
9990
38704
44252
57222
18933
8486
9213
3609
13862
10226
508
40035
3424
17575
8995
54594
14890
25860
36372
47480
19081
46942
15502
50579
2367
43174
15485
49705
46048
40507
45377
22646
46559
33698
30530
9221
48953
18212
15199
34446
41278
31270
44400
53033
42342
45302
28963
22380
24617
26976
322
21361
37713
58408
39505
59492
41244
27761
34117
12762
10940
53516
23524
8723
40198
59688
50142
58098
23564
40975
10336
21431
16108
42716
6990
36650
57849
13024
41575
2099
57198
34330
29865
54442
14087
11845
12992
36452
33580
32751
11033
27686
6202
36338
32106
58159
40310
55211
13296
50490
20283
57728
33456
55639
50427
27896
45374
34063
36509
14354
58131
54201
56402
19772
48577
16703
46747
50935
17571
50585
39809
18619
7945
19942
49029
34798
48563
46726
4135
49033
42353
59938
54982
54866
58402
102
44302
1
30477
45881
28293
11054
47415
29889
19086
32080
7577
38269
2783
45394
49403
45974
24060
4943
8402
21243
11466
3916
10774
30704
15688
39200
7125
27715
7699
53411
8816
27603
20938
46692
20232
19305
17846
20227
44715
53336
38401
2248
7225
23555
37216
6505
21075
46856
27694
37310
9458
40324
11592
38072
26671
2044
29639
45765
49023
21293
17517
7951
12555
56111
33751
52836
45158
33457
48078
19347
52248
51212
39922
22260
31869
28599
43648
56487
42992
59764
13224
43678
46492
22189
33445
6245
42790
46098
38361
51092
49569
52098
1785
57738
1047
32083
8276
6710
56907
44075
7541
41487
32716
24139
58798
31143
24768
58502
11354
30346
31469
1627
39662
13178
37590
43711
21724
35930
47154
24155
52115
34943
34433
38850
53738
49236
26873
2216
49985
38680
51248
5438
17030
20587
26105
1299
23675
34214
5119
11489
14974
5620
1634
57526
12359
16761
50444
24308
52470
43354
30517
52026
56362
10562
32464
33805
4379
40915
17593
8433
34425
41036
39244
40783
10469
24338
4586
34080
12620
52062
43843
15252
7438
59705
13619
16891
8245
57558
14439
54709
17688
13526
26750
36489
40614
2371
18669
6828
26542
14353
25215
35376
18817
10853
48052
24433
46464
31200
55830
10974
6437
20718
33464
54783
4082
54547
5101
15126
58588
18206
2456
40829
47548
12656
58063
58238
54641
26111
23392
13196
33760
21831
24366
37211
36502
2905
15074
18938
54995
27575
5328
45321
52852
49863
48603
5267
9594
17059
15890
33344
37772
41480
21592
54221
44153
25112
24199
17153
49885
48894
15956
4751
37582
5927
10115
40776
12316
45419
55819
44056
3032
34100
44963
58083
55899
31543
43132
17181
49199
22165
56907
15609
58080
1026
35859
13428
57002
33784
53842
2218
20811
7427
55312
2343
49802
44761
26569
37642
34793
46948
16083
9555
21573
323
31589
51251
53591
21406
13264
25633
7200
3107
24133
31095
26429
4953
47659
38920
10712
19592
59164
7128
30696
53994
44221
38938
934
45688
24174
22907
3942
4199
39217
7435
29474
17785
43059
14031
3924
48371
31480
43053
17089
202
7030
33507
51390
6209
6881
50313
52940
12355
23991
2974
34618
18876
36931
45216
4339
20043
4909
13517
38293
45437
57427
26135
45300
29450
16271
9107
25396
6009
44041
5419
40434
59590
48933
9308
9089
17318
23647
18785
1603
4506
2875
23075
45822
44307
13876
20428
47848
30615
55525
12149
42791
57486
54096
17994
34826
57229
57203
4035
27989
18666
50246
3107
54538
52402
47990
1720
34165
4575
32323
53847
43493
39017
53015
39970
24974
8363
59725
1315
108
35364
55484
40173
29549
2298
1939
51492
1556
21573
42674
14864
2742
11635
31665
27085
36142
17315
3623
24575
4393
12577
29058
7782
56100
24348
44329
24662
8863
33160
17621
59999
27240
33965
11143
52301
20804
6228
1016
18641
1789
59627
52667
25912
12575
40765
11953
26297
29738
28670
53367
1773
37965
11900
7944
52094
18090
56309
34291
31165
35320
4880
5690
40108
55498
5966
53270
54585
42334
2617
59418
54005
4725
38557
33707
13042
11670
46436
39481
56855
17374
44655
41283
10516
36699
53511
38263
44663
39175
52671
5817
36750
49419
35517
24616
6368
12888
18744
25565
49424
1525
6679
39152
2340
27219
19503
56619
56014
40508
10187
3615
7523
59690
11994
5768
22245
39571
29284
19512
9495
3115
49374
11980
21521
39278
20920
31878
4249
30884
4681
5473
47633
52524
53618
24335
56442
48493
54465
14518
10439
57138
37650
1682
26290
26569
51539
31982
10848
44082
59552
35367
11986
42816
30564
57713
51857
14287
10497
13879
25844
44145
39965
26117
17381
1290
15559
21589
31186
11451
38717
511
2481
10820
30887
29378
19626
30786
55898
58522
22183
50914
4590
55526
52211
32150
12888
37141
51919
27744
2415
58683
44128
23126
49185
23424
13332
35737
13396
24653
20191
32287
13959
4397
4743
16482
39268
11788
3928
48661
44010
27787
21269
37968
52526
31156
14948
37687
27727
7549
2918
22338
7207
2503
18519
57854
40660
37228
43682
5539
14227
20155
35561
22715
52321
15431
56121
53839
55612
52508
38814
7381
5083
30437
41494
49612
16482
1793
34118
24498
1894
47210
21242
44505
6287
25763
10234
17443
56445
51180
8643
19785
10777
36713
48415
1407
21650
19291
26146
49941
51661
27196
8100
45686
10990
50899
11868
15303
27942
7676
827
43893
13099
20853
36093
19677
10809
19500
13554
47395
54195
49662
49777
41057
32840
37226
46308
4401
50586
29406
31534
10971
22934
36435
25417
11475
37278
53095
32018
9475
39011
3708
55922
13716
21559
49824
43286
22153
43155
44468
47686
3074
49123
20570
4234
59997
6005
6954
7952
23904
23863
10407
12044
40050
18043
19421
25095
5515
19093
14446
5441
6917
55774
13945
52195
34627
47160
6356
12062
19606
20871
58600
28597
52253
24783
55678
50522
463
3897
41570
11173
20223
31684
42430
36929
25159
43668
45603
12869
42509
16890
20928
22305
55163
13194
36733
49630
11587
10870
21330
30935
22133
52681
40293
1664
56229
11936
5256
12759
46512
33383
30110
5249
59353
37706
2405
59907
8814
722
44786
8603
31161
52178
2887
38588
17906
13926
8638
3596
36759
23912
28090
10448
57827
28562
2
51231
38938
1096
36677
4132
14448
15135
47349
26975
10246
46791
52227
29769
55924
997
34632
48301
26396
7027
39
59212
35519
23902
22603
18133
24628
15655
38397
20498
32038
3055
15013
49038
36369
2308
47273
35625
5562
42576
31273
9731
48267
47353
31479
45744
12864
42941
39527
42037
40668
28779
31822
42795
16593
464
45813
7602
52765
10356
10433
27885
35917
20353
7998
36163
36114
49677
44695
31309
37719
8597
25579
22969
53663
21122
53913
56918
25322
8352
13479
51989
51533
42963
21051
3903
29011
55766
22522
50320
15717
31779
46481
48768
20628
42738
6257
10260
54300
28427
1547
38261
44420
54333
41634
23567
39279
43946
30588
22763
40773
32712
21175
53176
17411
57957
24403
3243
41659
602
31166
22617
24540
43037
7391
6800
38007
35776
16810
43088
20975
58814
58298
40952
57891
40964
19978
31055
40412
11227
12807
27405
25366
24294
8290
45694
28957
13097
1118
34472
12176
26794
27773
50477
5181
24531
54508
43611
39479
55975
52978
37803
20910
41769
37278
36955
38970
13770
5447
26831
2632
59286
42598
7936
41666
6092
28014
49251
40083
17685
49201
2223
29833
35548
51146
57482
30827
52408
46437
8374
28912
23769
51712
22094
45971
3217
5721
50024
21152
36442
18614
55035
46521
3743
31551
30520
27588
16465
22983
13387
54145
10226
11499
22812
1814
16496
29385
30662
28958
39815
11281
26910
6312
49615
27234
56046
53789
34730
19219
13292
49018
54423
41267
5564
11595
53446
29224
40566
24562
26112
20682
50768
26638
30192
52199
9487
50649
20307
57315
27708
30492
2388
9054
1910
50920
47435
58955
35218
2757
10334
54965
13125
59995
9932
33096
19999
36685
4438
55119
3126
10437
40687
3371
17829
40507
37085
21017
2939
15456
17549
41567
41634
12985
21922
42660
24277
24723
37622
49779
55146
46237
50870
13113
22751
29767
19940
17629
24670
53503
11791
5841
42777
12014
3319
44243
42261
21712
39292
54210
57687
46107
40435
1694
42142
30173
3851
55349
5480
39410
41057
587
33743
21265
36932
34017
11855
38631
1985
26370
6914
2300
34146
37212
1143
45662
25815
16859
5698
7530
16926
3562
36272
15036
34608
23803
53714
33134
10379
54600
27004
25346
48236
27568
39198
56864
46767
9596
49670
50343
7454
58465
41858
203
7763
46533
36620
39565
14788
23647
2927
15617
44336
43032
51865
31635
28093
7574
24388
44857
12421
51522
10644
40455
4291
53885
40671
20896
1336
26144
50958
9424
40092
4373
52392
3616
4727
33601
22337
27136
8826
19923
9876
36886
11680
50857
38393
17276
47870
52281
8755
30615
5648
32437
33812
17723
39217
14196
59418
45031
48890
44632
12307
3410
10333
53365
9911
15895
36608
9354
7850
14804
19648
14495
31118
42564
30296
35400
22090
58948
33688
56081
26553
55619
25279
32648
29548
38819
14035
59361
34241
11741
57647
57188
32548
11587
599
15137
45575
37950
30810
45615
7919
39745
28465
40858
8275
37645
49703
53178
33203
51167
40219
23761
18503
24708
58566
4777
31252
15491
56673
16635
16863
52397
35959
35115
34595
33490
49897
11911
22785
9950
58396
46530
50629
40214
24964
40608
5035
58756
40004
50423
4947
24889
10820
31146
8553
2185
16229
31385
34654
12028
8184
27820
40210
26600
45709
7923
7909
531
13411
32928
30697
23239
57565
3447
30275
23156
22997
52243
37176
46706
8778
56135
5901
17949
37982
1636
40273
59221
44746
4664
55036
2731
28420
9155
50209
3497
6
54685
11258
11932
17854
12128
24735
17011
23646
47283
34667
48084
14521
17917
26699
15448
2635
23397
1149
26035
37052
33267
7203
856
29955
45976
43190
34107
3367
56772
8010
43264
50731
54306
25775
56488
48673
6159
12861
1009
51578
44823
58284
13443
33049
25885
39979
14065
21359
5921
34190
36042
28022
45258
47272
14417
56930
38705
30558
32968
8283
48871
20170
53859
38178
25408
37916
40398
809
23444
57174
8974
55856
57186
39003
26585
7138
4740
44866
25019
14527
44726
2827
53435
53694
535
3535
58132
45418
32730
36902
57008
33213
17454
30156
2669
1169
46750
53451
8410
26925
32634
58655
37586
17008
39679
35548
31698
51135
32069
31166
24473
9009
22228
23516
29652
33690
52864
21542
59331
32772
52549
56573
15053
54952
48101
2616
15879
23440
52450
59548
28721
8684
48702
33808
16678
22485
40634
33096
42635
10276
26413
44464
20776
32849
2046
40345
57144
52873
31632
10844
55484
7655
9771
41624
23569
13405
21333
36000
45927
29876
12457
30358
15791
5957
57984
29576
19071
22157
49056
43776
3143
38359
53258
41399
154
24725
35719
55890
15025
43934
54963
52154
59564
50757
18116
24713
1060
56794
32811
56901
59899
17447
25095
25756
16256
15853
58947
32521
43655
6815
25858
35029
45116
26441
30692
34678
47412
42583
59672
52119
2532
11660
8796
54759
41272
19028
57508
27144
19914
6190
34263
45920
39134
20294
10138
5807
29316
52926
35744
50264
48891
57534
14808
29700
7631
45018
20071
19855
1367
51703
29532
56109
23370
3581
4944
12814
53045
21445
25535
23533
34887
30908
27924
59517
50019
40429
48715
46478
51349
18510
3321
13167
23685
55395
29349
12674
31537
29406
25752
19616
4702
53155
33642
41930
49653
24206
3412
25991
43090
23349
28517
28769
33740
38765
34046
27620
42234
2757
13586
24916
27571
10287
7494
33949
38278
44499
48150
55957
26282
56484
35494
1915
45212
12732
21687
32661
42463
32164
42880
16986
57200
4877
29632
48429
33789
33146
10201
43448
39259
7907
24480
59584
8495
25212
48824
42773
30786
14052
3507
17132
51429
13640
1120
47206
41316
19971
30083
29503
30654
35622
8974
38324
51203
17746
40657
57656
28744
47961
27203
51395
56740
6100
40381
14376
18250
5326
19078
485
16829
44690
31976
30319
55874
11452
56116
58173
36855
11540
21376
59607
54699
13657
13155
19180
19177
48003
192
10878
41417
54248
24474
926
16834
15148
15855
53537
10697
11170
998
9088
49030
31945
14892
46302
37581
57123
36384
24172
39013
10569
8613
57480
4437
28119
7460
28517
2479
47152
7937
39371
3145
51052
32916
18156
17093
10671
34786
43451
13144
48472
7648
4271
13216
47019
56328
19216
46821
26375
42595
3179
33567
53661
10386
35170
59279
54523
42471
10750
7910
10425
34940
14143
16501
5807
26096
37201
32430
36213
28840
5026
6101
39812
51064
57624
10618
14423
46895
57981
40088
39618
36745
14092
3497
521
46237
22699
55056
17548
35204
36226
57909
4747
45314
59351
55962
11909
41292
39377
42077
12818
46718
40482
6300
45930
7056
41190
41694
10731
55242
53765
43120
43530
22402
20162
7937
59647
20831
14195
46979
9197
35611
49359
1511
58242
10197
29430
35054
31783
4984
13392
40342
16614
15586
36568
48946
8174
20894
5896
2084
15217
7867
34589
14163
5464
7327
24526
20431
52951
25947
15872
31934
27098
35305
13222
33867
32461
32537
27423
20954
7186
27684
53939
604
33413
21773
9598
51598
22584
4706
22775
41691
35827
47690
28569
46657
5153
27560
2320
18820
15845
24056
27087
40558
17723
28529
25133
53961
13219
27368
19838
36231
42989
2179
4576
18988
44966
20224
47911
56564
19097
30858
27555
15930
14256
31121
8597
29121
36922
58714
31807
23205
17782
38788
10868
48175
29886
41452
32114
1671
33593
55158
4972
55160
30302
38589
13967
53716
23631
58157
31671
1192
9725
16341
19355
17992
32763
2453
16725
24801
11118
58522
25762
18156
7380
3167
43945
15204
18442
54831
47030
34165
21694
25710
26544
40124
12039
54441
33967
51309
33745
3910
26685
35644
43538
11528
23072
46993
26370
11216
55287
55558
11111
46820
16163
6620
58782
31566
12491
17493
55128
50425
41232
1998
11062
32871
48111
27311
32318
13382
37245
40288
39033
42957
27007
47734
20770
14870
26340
3195
51369
1460
7413
15357
34869
20036
23564
8019
29292
7579
57640
56161
24753
27091
6995
52000
47448
36313
11694
58396
39808
16058
29052
1643
2051
50655
36604
46816
47809
53313
29801
26983
9425
17619
22802
13923
29515
39765
12490
53932
10088
10725
5127
32511
26007
28868
7400
17928
50708
7829
18244
28790
37670
2613
58998
45042
30630
16378
28044
6808
57916
13588
48227
18638
30929
44490
30956
21715
49729
43510
25143
17462
40576
10249
56361
37882
42914
15317
59517
39905
14238
49344
21663
19138
5535
31473
51078
19848
34622
49093
17708
32692
22486
50304
32226
36388
15096
25490
57534
11370
33490
48268
44750
5208
14675
14249
35214
10099
44673
31490
17708
8718
24575
25096
23165
56616
55145
39683
11694
7215
40548
5929
50934
18182
52100
12725
28389
21296
56710
24014
25504
19962
44568
10397
10138
30627
9021
21173
56376
22565
25783
53519
45168
2207
57372
59294
35541
58811
40794
29594
14801
6284
29447
16678
31666
2363
18774
54643
35275
39186
1913
28779
6110
46027
39932
1209
55061
24257
52055
59486
13205
56408
57456
22723
42396
42788
5731
36184
36411
16983
53574
3005
1509
42960
24292
26831
27803
8522
46712
16778
33677
45344
9290
26254
34182
53486
24454
1746
2458
53127
29255
40008
59268
8502
25
31388
32812
26324
10044
17875
51919
26050
49329
12982
4923
54564
33399
46159
7263
53031
37332
25430
54231
54869
50918
2308
38122
24814
42561
50209
32480
42555
21217
57996
33963
31885
28163
29045
58320
3923
47994
21986
52835
44959
16367
3721
1770
43081
9410
3144
133
32656
55043
1534
53767
41814
33648
6246
15804
10399
46769
57227
52673
2437
37484
35374
19390
7603
20051
10286
40360
6625
28700
37855
11760
11457
13027
18354
30539
35464
15172
51890
6568
47888
860
26098
2206
52251
6393
11296
32153
59339
25929
56004
4346
9064
47852
26738
7472
7851
17028
58780
4424
55632
35835
37619
42160
13802
2896
48536
54529
54740
44394
55193
50535
18991
42585
32579
17250
11281
2920
32280
22189
46396
30890
4373
5553
49351
2698
17983
9546
17287
50915
29380
37114
48094
24620
30363
58762
31752
42966
32215
42855
57588
4149
40123
10536
21010
2879
46635
46259
38615
14477
34068
15315
49444
55798
53004
44629
58836
43559
9707
997
48952
39868
29314
43647
29007
21914
29265
34501
49322
18037
34372
10478
14296
25758
58085
36982
29806
18143
45856
18372
4001
18778
55693
43847
17351
22762
23252
2848
8470
1108
26813
24602
42598
32837
56918
17532
15266
36551
7282
37731
49586
19048
49449
15558
42403
34104
52386
33225
43647
4335
13416
12096
39350
1197
15684
3910
51729
11017
51903
45116
20039
41610
31216
22384
48869
35868
18862
19570
36021
16861
3043
13148
24127
30383
28589
17104
20247
33465
4034
26890
19992
5699
58701
6721
20187
47221
29416
23325
52180
17888
46615
47404
16577
39059
1904
49747
38012
30407
16632
23377
54984
27365
45716
32714
52964
840
39158
32249
54137
11558
21062
3358
8039
57175
17820
34128
53159
14686
35186
13436
56638
16133
1028
29628
43819
47744
3684
48679
41836
53031
23225
15942
59559
2810
56484
38787
4709
35074
30961
15071
54844
27992
19084
46337
16510
7656
8976
4258
4844
57449
31555
9739
15335
46111
35679
35711
31746
36337
30669
42176
53897
22258
52759
32237
30252
52076
29643
15401
15629
44051
20254
44275
5817
54581
22006
10705
39480
49220
56704
26269
50736
58058
9485
32322
45761
6408
33329
17633
41526
29499
47537
23619
57968
14877
44457
29138
7572
1128
52743
23143
29677
49473
18892
51672
55942
4630
44799
23738
5739
8885
28710
16932
42020
49448
18888
32660
24038
8039
25852
23641
23955
18044
21494
35544
5136
15202
26498
4162
22850
39084
44856
45318
24510
1125
41011
54431
11558
40513
5454
7364
35938
39961
28240
50114
46
25729
57365
57914
32840
38624
12165
40141
4615
20249
39882
14677
11423
25392
12065
44387
39255
52757
36887
58264
3046
55734
4438
7068
496
30664
35598
44759
24854
29427
15918
55682
9173
16454
32780
8823
41901
56124
37985
11275
27116
40780
19199
30526
43535
6431
26142
39397
747
16240
39326
9601
42078
40492
17435
29631
46931
27833
51629
45137
12339
54853
42422
46354
318
8126
7080
42255
14376
30348
57582
51049
27349
30897
28732
31043
56813
10520
1912
48720
25239
50196
22780
43657
30050
52977
6004
25912
3416
41064
14698
46535
59434
10765
43259
21401
23248
7395
51238
24711
10121
28672
30044
22189
1655
36381
12473
25529
58373
35804
50799
18902
5445
45926
48506
6557
7658
13477
23716
16853
33647
56666
31227
19513
52496
28045
34204
49376
36032
54260
27038
20133
22166
24436
33241
12256
58084
40912
26320
37567
32444
54571
10383
8137
52064
20527
8660
51371
22962
46814
19801
15145
5025
11960
15099
59736
37902
56178
6922
57992
47085
30384
24546
3986
4797
14640
2469
15392
42099
30631
14330
34556
29962
19225
17597
39402
39346
59076
42155
2132
57505
36986
532
44402
56929
41732
28073
5407
51601
22306
24804
12836
38454
54463
15783
677
32050
30649
5137
2254
39968
18555
11467
38336
26258
51451
22330
54376
24541
7816
55630
50882
36014
52211
28327
24052
2014
30875
40999
47961
3375
19704
38627
54351
39277
44859
46130
16769
32193
42948
51023
2742
40971
32569
30017
10493
56394
38362
31384
39689
1811
52072
16692
56206
35771
54090
26490
16698
6210
33098
7182
9466
55081
19240
5725
13647
52019
22084
53940
32578
44062
20
22020
36671
52604
48958
17731
39134
9780
2977
25163
16272
29807
21633
17648
22230
59563
24951
32344
13802
326
8839
30743
17408
42703
39204
25917
7334
47330
45007
12994
35625
34525
9816
57417
3413
59959
20400
17615
10936
48284
57454
19853
9875
52994
50217
54488
27563
58170
53920
23950
24642
7394
42605
54596
32006
25797
46355
18778
11596
48950
51672
8723
27803
1030
15116
5918
26039
37717
47838
54850
20977
53749
49996
43943
7722
19423
19723
7543
57763
34210
8453
1777
6329
57829
5572
13636
44173
35301
12310
7838
41049
46333
26536
10357
30380
45958
56331
45061
46603
15810
45033
37177
49412
30504
28291
311
15501
42362
9129
29184
876
43099
39859
49248
12849
28825
34553
13638
41805
26370
29202
46955
18423
47659
22066
38200
13015
58786
35169
13935
30204
53240
31010
5325
48068
9612
2920
23228
29354
36209
37069
1660
53095
33820
818
34894
56283
31516
18506
36876
31839
585
14232
59021
21513
44822
50769
50647
20638
8860
50790
55868
13436
28091
5353
46676
3189
21105
50433
24180
18678
19602
29879
5707
38251
24224
21048
59370
14278
33392
22685
35843
53008
14705
22834
12504
44072
4585
32441
56403
53861
52272
50819
41733
12051
15959
8094
34368
52532
23146
33580
57436
29971
37775
38007
5768
35219
29583
28164
19242
26289
16557
43806
22528
39743
38632
22734
59444
45636
20055
41521
34484
52412
15485
41334
33293
44687
10419
40752
1642
34161
51472
47565
47760
27034
1784
24907
13540
54852
47127
27966
30382
59375
10430
30758
9148
11162
14087
55965
29258
52586
25371
19997
54878
11149
1490
28448
7979
40818
56142
45907
2065
26958
56023
2685
30136
30810
18090
10003
8557
48640
30867
5651
16645
50637
7536
27965
25702
8910
17481
8837
45940
56619
55454
13326
34531
2671
8937
49329
25959
44058
9180
34000
17938
20427
22147
11151
6160
56345
22977
17944
48284
58091
16707
16532
32020
29044
1558
37224
55390
56833
17363
55853
37327
34283
21965
48148
12727
44247
6284
26685
34571
11834
9054
46238
50358
55898
35290
5293
49536
27432
39196
49456
22057
48820
56451
28372
20305
56413
48412
1199
29952
36168
47373
1661
20743
20764
14405
10467
34259
30930
43478
21891
53894
38856
1583
38955
51241
42436
7686
22531
32921
27290
9144
47504
57783
14585
16695
7140
21448
32602
55957
16666
49689
4650
50034
33382
22646
6312
22120
40670
19548
21883
56850
58572
16191
14281
33972
19985
36306
5087
15271
32774
21561
38016
26652
7616
54122
31930
27722
57297
3932
56796
40752
19713
33477
15571
7543
5952
10128
3063
5501
18036
13004
36221
54842
47343
59460
23211
418
3839
49055
7880
14829
52946
1852
52870
45451
53577
56305
21887
3479
33547
48908
30640
8338
1885
51953
42933
3566
55247
3919
32060
44818
58448
21979
21056
40898
25750
39649
13879
13867
14687
17003
52273
1736
31198
56327
6600
43892
27649
56023
33641
58126
23138
38282
27284
1914
35606
15830
29787
53435
18673
38248
39416
54268
4238
36240
57015
20743
56215
21818
31671
33754
39570
48711
10321
50213
37754
21325
34331
16594
7564
18925
20939
13983
6076
45832
28771
38639
58374
24318
6686
38396
6702
17007
13094
956
57233
58187
27789
22040
1510
38902
50426
38734
8546
22971
998
39314
48736
38429
52140
47155
26252
31276
23213
31061
55055
27648
14473
24162
6280
30335
43838
40163
22537
8233
39305
45489
72
42839
30861
14205
56384
46234
4191
16595
50676
19194
29337
36456
10868
57386
38
32902
29295
39367
40139
15290
39570
43336
46685
25359
38314
17629
49070
4226
4839
47884
24862
19069
829
3169
6862
42078
26748
51725
53344
32692
28842
25404
51213
49757
23411
40640
27939
17501
22883
38941
8017
57461
31101
28296
18016
40643
7443
20233
16511
22282
37556
55756
51843
15131
6540
45085
48803
17057
31840
13800
21774
2214
37969
21511
53195
11618
11245
27341
7583
53000
4272
50818
6922
54770
51920
43880
46677
46775
22689
22979
2938
49854
42728
59131
42796
7471
38630
33851
14904
34657
50039
21103
22766
50215
20658
43127
21517
11612
58124
41033
6880
4823
21986
40997
38285
37782
49566
50698
58058
17536
37926
41992
3877
8598
7777
55290
7775
48916
55140
16667
21143
24599
55206
11234
51858
38152
30195
52795
45089
5921
13530
18290
41833
