2007
46037
41113
30216
31507
17536
7837
39553
39122
36438
972
15056
17267
17468
14287
10164
25979
29279
50352
42600
18387
48408
27264
20946
18549
22343
19017
26643
30659
42089
5299
27687
23322
55747
40487
34282
20182
18339
3247
54428
15291
12563
2210
39167
18782
53630
16778
43167
3628
20714
42246
7653
26460
8208
4646
47764
47034
49497
46967
14024
2793
14746
12984
44909
17401
8318
18103
53599
23483
31329
4686
41060
27020
48013
51074
16597
21336
29854
44473
38663
47240
49561
55544
373
12073
45126
48373
34951
45150
59029
53097
57318
20011
59177
24648
57680
29848
23485
7356
38910
19331
4518
42995
39311
37282
4286
23381
19762
4183
3429
50269
44970
36239
24408
51901
18801
6587
35257
46984
45660
36468
38860
55449
24901
35433
11470
29001
34315
8228
9617
37362
25217
19046
51612
17131
6304
46163
15140
15904
37777
41188
30920
46267
27251
23067
52239
30427
24827
54102
49958
46479
58820
56513
55569
36460
9562
43879
24988
53322
54253
49170
50799
22997
39196
11313
21203
39647
16193
20981
3323
4950
20627
507
35936
54187
9912
49599
14315
16798
5968
23916
19200
32583
25339
32698
24944
42218
16787
27839
13667
32241
43379
12746
27941
7337
46395
40506
52194
39620
31842
18572
58081
57163
39451
15402
6009
14874
42310
23990
52387
6501
41856
14449
43408
23379
40576
42976
38038
5974
15487
39500
14356
27852
45819
16209
4463
56479
7974
47759
32990
20688
10531
41290
17886
958
26604
27782
55676
5239
31731
14721
4657
32864
32256
15982
54792
21314
49196
33486
43774
29226
3277
39596
5329
20487
53325
8219
22425
32448
52618
8791
31629
12962
2448
43707
12658
12167
38361
45294
26751
24416
45683
47038
4356
51229
45493
31548
13476
7537
7899
1189
24260
18456
20029
52275
59612
45228
19690
54343
39320
13883
53686
59248
27850
43868
31825
23611
8958
21154
42427
8285
15017
23614
57111
47162
49737
56991
42827
41892
10274
52828
14445
18788
10021
3499
47370
24238
57652
40110
17697
52769
51816
21507
2867
46615
18273
36232
24538
5094
20122
51473
9018
2546
11863
44002
31728
53880
1919
11758
32535
46642
53061
32238
9741
46448
30078
54691
26865
19349
22677
949
8809
52812
51425
29360
15538
47789
2761
13594
8415
4101
19260
44683
51582
27403
44048
5874
43599
28252
27694
55153
24501
58692
26697
6480
5146
31799
4886
27587
26532
14366
21077
49009
20066
4251
56728
26000
36201
14377
15346
52820
29227
28590
5961
41341
6098
14859
55499
31358
31289
14874
36273
49171
593
7029
47849
9080
14630
4214
408
24949
30
59444
23201
3941
3808
1548
42188
15169
23626
12213
46857
16082
40571
53330
45137
36061
42702
9274
33686
21804
9396
17434
26725
25231
42814
29550
23681
9912
39570
48859
39300
44130
39356
13826
43473
6899
53739
3514
9740
53722
48719
39546
50233
32028
31808
51696
21779
29848
36784
42444
31886
28413
23168
51156
55358
21472
22225
51581
376
33635
15523
49626
14693
28107
58393
11177
4804
25609
27297
46458
31552
43636
34172
3932
46736
53079
19106
11957
59175
46537
38560
30430
37873
38858
37344
12971
3131
50985
27971
20242
7272
31026
37542
43285
45271
47705
48715
21381
31924
48666
41086
48331
13925
885
5132
46706
17647
41945
58167
31295
1587
36126
51149
33492
57767
47210
59028
36492
18775
8923
57166
10005
24082
56729
4071
50895
50070
33620
37508
26094
31914
4111
58167
30192
977
14793
15505
28794
26455
43660
48444
43742
51969
5773
6906
45175
32094
21364
18505
31174
10854
703
9317
29309
26973
19049
7156
55927
28290
13314
27133
24438
16649
4084
39918
47380
7618
25852
56732
13533
36021
36172
11912
24392
19639
53712
49338
23510
3482
46402
22490
52682
8630
49673
27092
3630
14561
38190
3225
7958
6453
46137
41052
16603
27486
1657
28255
1604
24437
8377
3609
27686
23234
30173
42093
14185
5474
9817
1240
1016
4893
45893
49458
45105
17141
17930
46217
7200
36303
44571
42163
21973
34099
5177
20736
10728
53217
30865
12691
15854
58222
14977
7909
5907
58595
13521
24101
219
55176
49270
30758
54477
26401
9037
11550
15292
23501
14518
18805
44322
53776
16214
31390
51089
17056
4374
35275
21743
8239
56096
23480
40
19973
10923
50720
12899
25714
30858
56767
38228
41503
57931
48862
36439
51161
32725
23990
32097
6321
20476
20019
5469
30824
13507
375
50676
27628
15240
358
54866
40358
4504
58795
54241
43463
33404
39051
5714
10469
24522
52190
53473
33104
8702
28325
15269
8875
10370
29705
57269
20310
37683
8526
16011
5736
36276
14173
34475
48796
52133
605
1310
1080
15284
28064
13594
1382
57764
36657
48414
2255
27267
11964
46158
6688
38005
38406
891
31094
23908
43434
56221
39351
28846
50095
28404
45697
25079
9776
43063
46394
53070
21715
44726
13910
7918
52252
37165
11793
32269
8114
5667
33914
22218
6938
22569
28857
11573
42057
4039
40072
51780
16203
50995
52997
20119
43110
56642
42677
29967
32920
5793
21184
33156
51710
52455
8042
54860
11123
40577
31806
44599
34677
19522
13438
49300
30402
51235
29928
46943
59333
52508
8922
12884
22518
3908
9059
30969
51163
41168
58821
37425
32383
43859
51782
45472
4894
3243
49579
51479
21413
20245
6182
35272
16835
22206
29808
29923
23293
27433
58615
46339
353
2995
12374
28126
58446
49035
51226
53753
58476
38183
32148
40612
34193
9193
22443
57221
48889
30979
40225
17255
33390
51573
20583
49303
40768
55283
46317
2358
4329
913
16392
23734
54545
49948
18936
17784
59784
8912
1850
26532
8223
32151
54384
29756
27523
42482
47318
19267
6176
17545
15363
42712
48720
29301
45812
54345
2929
27713
33847
1025
21433
53320
14304
30869
18270
15401
22312
48585
23304
19929
59894
17533
50173
44091
10506
38845
19382
44762
58683
34970
10750
56067
30735
11034
275
39674
32489
53414
7481
57884
1207
55194
44774
17803
40255
29667
18504
4498
12671
38956
55305
27612
49496
42808
56751
51956
38164
49958
56460
20862
36766
52256
52665
37552
55369
47252
48846
34187
696
19302
46366
25714
47287
35676
15930
29
57459
15152
6782
43665
27728
10312
38938
19345
32514
33321
16268
551
7063
53930
59792
47967
18335
32018
3118
2709
58399
40240
18739
16964
40165
58476
11116
48782
18722
27458
22508
8238
7464
39264
48376
21677
28976
24553
48720
23142
56987
6352
55938
57487
19157
7040
25174
30935
16484
19486
22910
15566
33599
23404
28145
38954
41403
3887
2993
28999
38041
35369
9505
59200
14581
9450
5472
43552
41675
44018
21031
57893
23771
3797
38102
19992
33921
39926
34513
9489
3443
18135
13992
39196
26585
50175
15393
23146
21890
35025
31591
17934
24548
18710
6431
32306
1717
19518
8312
40533
1678
28545
43911
19087
7137
51220
7504
14950
2217
45460
29687
13852
24689
58723
25915
27236
49767
41616
25678
30864
47621
15766
27629
990
19274
38669
7749
51560
10214
48577
39604
45438
56090
19975
55251
39662
56682
8690
3256
5098
55904
16849
56224
57779
24924
29173
48883
54643
37193
28761
27355
18004
45089
46429
27140
54899
1793
9930
4334
26405
58395
6038
20945
53293
11548
48566
38152
6952
4805
6809
43978
12173
14916
38522
36527
58241
15313
8959
2448
14424
39091
20573
57936
23131
27471
21582
9331
52275
16310
17048
48985
27568
30623
15084
57547
31720
45872
41904
31155
46619
22375
10943
13965
39972
6884
43746
44711
39072
42806
37498
58011
34533
34123
20173
12043
28216
30318
8956
291
53546
37058
15308
39808
29439
28385
32263
23569
49282
3064
21062
38326
34253
22684
7476
48604
7715
4062
25927
11687
30964
1740
41831
37364
41938
34189
393
56854
27673
1607
38047
5726
36075
2016
23051
30605
3780
37388
57042
8524
41736
22398
61
4819
4955
20692
17058
42825
17976
43826
16019
50230
31842
18138
8236
45042
33506
31367
46830
28719
51329
45071
29711
50383
26445
52198
17133
54572
27651
172
24502
40904
40949
51571
57515
20156
26314
11447
11802
44900
54941
48857
47512
59152
6431
25975
33363
26972
51639
44288
7983
42308
46638
55166
50187
48810
9530
57489
37616
36084
20107
2139
53114
2549
53594
20755
40619
56079
20444
52096
24817
6976
25201
36712
55052
51127
29199
11418
44179
51582
29148
21563
16793
7886
5465
53801
30373
54933
24463
21773
29623
58154
23526
38933
34333
11877
7341
33898
19541
33204
7775
5486
35529
30572
21718
24828
22462
37665
50087
34580
5403
44949
29659
5531
5113
2527
36425
22513
17889
55639
36843
22881
19766
2046
59002
27600
34437
57506
38271
13757
36342
2959
43146
13211
25582
1766
1146
28761
27116
48596
33884
12759
37656
51964
13675
55849
683
39695
34400
57608
32451
15770
45452
7162
51220
24511
22189
16675
53501
10488
2045
24279
39226
29656
58537
27831
4965
58442
27652
55479
4434
21688
49271
3504
627
286
10216
13184
40749
14890
22414
37538
42728
15072
54288
7328
22986
13610
12590
29231
59528
22669
10739
46574
32883
19367
29691
31124
55711
28519
54317
52342
44860
30480
2785
47080
54820
16491
21007
5715
26806
1758
8668
44457
27544
39739
48596
9400
20550
28049
33450
36124
25714
54045
51557
53703
44553
7000
26184
41196
23879
53081
18281
44731
58317
122
31918
3236
10600
6406
55092
34675
42207
1471
12861
15803
26446
58382
37669
45453
18842
55722
50600
47957
23386
45553
14548
34411
48583
13800
27695
59726
34646
27348
13804
41433
19243
36271
38586
17885
56776
28941
6802
24583
36066
35658
28545
32073
58707
33154
3142
18838
58941
54102
38632
13952
15435
18472
19676
5351
4335
38155
16296
1804
6435
27289
18796
41786
49929
51951
52257
39238
15418
18033
17156
31123
28909
3412
7233
18849
33948
19107
53266
56017
31897
42882
7359
28771
38637
8682
1991
4644
51641
38971
21524
21634
9190
26278
47848
31471
48966
6547
4870
28672
54306
59718
15695
25507
1196
27891
56564
43131
57091
26274
12833
13432
18947
33785
30207
15153
26821
18273
14882
10681
12621
33236
32706
5050
53046
46641
40540
27859
5641
44673
11557
43749
5602
51458
26522
26048
33157
17926
40457
3797
59599
42481
37096
38873
25498
12723
455
39378
35462
40654
26050
5137
8490
43216
46447
40300
19984
40700
47543
18476
29362
49470
19958
22442
53871
22314
16622
31059
30988
39129
48675
7431
55861
5417
54340
10829
35234
28334
20780
19021
46814
7216
47535
41236
6639
19779
26828
53513
9827
48344
55390
25722
38544
40011
23588
40607
57248
18452
13162
14088
41802
14489
28560
28639
52426
19785
9146
35809
4589
17266
41074
39459
35956
1033
15501
21132
2171
51558
39745
25887
6352
6924
54929
32334
6167
54245
40171
11427
57914
20361
34464
50144
39002
22788
43910
29973
51967
12676
58123
29992
17638
46697
13989
38478
18096
7785
18691
17570
56111
58767
58581
28254
56369
24585
13325
10407
50935
59463
53356
44934
58026
14295
7687
49565
10604
40266
49290
5874
47584
57858
1219
50564
38505
30598
2694
54933
1583
42680
53562
26701
21951
42301
4875
34729
54305
25152
49278
52922
42441
22790
11560
59371
27747
33443
31906
13934
52109
31733
44091
2163
52739
16174
50972
13084
32185
34559
22209
35761
46354
53119
17085
50551
42685
26772
23803
46918
34433
58334
44987
47897
33809
47392
26900
44747
54516
16400
30343
51230
45939
10062
42290
18809
26240
16274
32339
45675
48888
55629
3537
24538
7562
31420
31344
1502
34576
47226
5195
10092
23597
30473
53280
18434
50452
10581
14683
16305
15146
46672
17836
41378
8018
43164
40523
11882
21460
34056
46471
57443
27718
16790
21534
56192
48359
29429
33700
11218
56551
56232
27621
49167
6885
2769
18711
10899
55244
9409
21405
43414
34075
41373
21120
12860
24608
21923
42090
54212
43016
17554
25512
56609
41636
23229
3238
2321
37790
18416
7074
10414
46603
4706
35293
55328
44835
8846
50508
6204
53267
14823
12308
42558
34171
26361
45856
30178
18797
47866
22098
27292
56715
46690
14512
15588
25593
39082
20052
58556
25123
54921
34965
8702
37753
45575
18101
4090
38893
35727
5643
5910
12167
52488
6660
12011
31456
16445
32107
59448
17724
42701
8964
48577
20039
4313
59874
42588
31692
32869
51766
13667
59821
51714
987
42137
39608
27655
17350
40446
11279
15058
25066
20503
2893
31991
43080
35024
29293
4531
44657
57695
39033
1739
11146
30890
48728
24460
23097
44433
48708
10452
850
28017
58362
9397
29438
19198
38866
40892
53769
4193
50045
49630
21642
49011
35695
54094
4189
17397
3393
51574
51276
28922
44824
33073
40409
52021
9841
53408
32268
22744
32399
17323
29473
40573
36688
1558
21391
31196
665
11544
54973
53453
22464
19650
51466
22214
40197
37191
6332
59649
3818
31297
33148
43034
29014
35329
1855
30613
19612
32884
22544
10239
4655
1228
40117
27704
29017
12897
47165
47523
45518
10515
3569
47023
53431
18170
27950
44192
25052
36728
48537
23065
14419
41365
2957
44449
42046
54314
14369
10844
8188
15494
37658
20293
44306
17911
1182
23989
51666
56918
1043
20673
212
38304
25243
52574
51729
5569
48692
47791
27354
58496
7413
27605
44551
31933
33126
59970
15867
41486
25558
40431
1687
798
26928
36559
54506
47157
33278
55511
45318
28729
38778
12658
24606
55997
13760
6933
28109
58821
51430
41170
53863
30616
10681
37989
46004
7335
15290
23712
32382
2037
36026
14989
11992
17997
26227
52154
37182
34940
38825
47508
974
35354
42498
17964
19533
34667
23639
28156
54138
6672
41523
41105
28832
31851
19470
45079
35503
59916
49988
42909
21224
14237
31856
28202
58194
51114
52681
32967
51379
17387
20777
52080
4453
15273
33547
38047
52163
44234
40921
15681
26637
27517
43249
4687
48328
51354
8193
15009
2632
20229
53942
20210
3309
57444
42935
40754
39129
45172
23350
21463
11077
11934
21172
27495
11017
28031
13326
37719
48658
35420
21920
45171
59155
33466
10491
18029
48530
27825
53310
51501
37866
52093
21018
28158
30021
13242
53491
21468
15760
25763
6880
29405
49088
29500
41027
50177
44344
50457
7723
9814
5440
7885
3527
39684
560
887
11962
10531
10217
2766
14977
34200
21006
15939
30390
34535
11034
15243
9846
36786
52328
41188
48876
28205
33783
55539
1433
55328
34585
19097
58329
18301
41804
17635
5916
8160
18597
32931
42669
38229
25875
34677
45344
30160
19826
17078
36771
10261
18494
22271
38715
21952
31332
36502
1968
11174
11517
10496
38641
34255
40918
45782
17423
4363
25926
21680
15327
12352
28372
722
34190
57168
16047
39187
18531
11965
14987
37156
30993
33159
45609
56733
13494
36060
9906
7379
19095
57235
22996
58459
40564
47144
25627
23768
35998
35575
10581
39416
23724
18468
46080
30554
5758
5905
38502
21303
40427
35341
51340
24405
47512
36353
42609
43897
2907
1775
53992
39622
50756
56825
56974
32634
30845
53199
55186
27976
52478
15878
39879
58651
28639
31138
39277
32581
36305
44642
21591
48926
58950
52199
38385
49853
11099
49742
36077
4530
27601
34126
34570
46445
27465
58008
22962
52028
36355
37451
10692
30675
16398
39108
6369
10100
59023
19283
48901
7663
57875
23841
10146
55672
25345
973
39734
13954
32959
20336
47750
47873
16702
20968
40399
14773
47278
34725
32926
9506
29933
39988
54110
42266
28317
23983
8686
35524
17496
10189
14508
13691
32918
16650
59423
33321
25107
41397
36356
51505
14929
22016
820
31793
56708
8162
22282
19435
2373
59802
25291
26898
56707
2297
47046
37501
2066
51531
13350
2969
40001
3671
20759
59352
55164
46788
6998
2920
28289
13128
32897
45855
44712
24138
9797
59618
37272
31470
12024
32450
20414
43315
58653
3530
43397
41621
394
55321
57893
12718
15621
9710
54759
45775
45716
53170
49487
7961
34329
16423
22700
50502
1422
42161
20892
23660
14636
33670
13711
2567
40534
33427
19967
38286
5923
37892
30366
10790
10316
26171
11731
49864
25567
26363
34634
52146
32412
47524
55126
9929
49288
18151
40767
10979
36678
48658
13177
42892
15136
54885
21948
31622
53653
9097
59478
10521
59404
361
40642
43892
54392
40225
41385
676
12835
24257
22864
15249
32500
28146
18048
52183
12720
59559
22466
14434
56291
41080
53732
17400
14444
5824
20028
39034
28936
37072
52305
45575
42644
50530
49031
51907
45017
19603
16726
37778
37725
12832
45851
6362
53881
49558
31712
53203
22670
19827
42065
56442
31659
51147
10452
43010
11581
57914
1458
21982
13215
28870
32365
36669
50309
10316
46097
48227
55036
10091
28589
47027
16278
13297
54210
34469
3245
23949
25547
40898
24350
42874
8922
32575
35767
5410
13671
23088
54298
14575
20030
3012
9544
56343
59000
51087
4063
21855
1471
55848
10796
48283
55718
4049
50756
30916
27110
25684
42542
38204
29250
4177
13516
55381
51
13605
34570
19756
22980
15548
16237
5058
38385
42998
59131
55202
44411
54394
37249
11765
27034
39952
26918
31044
6377
22261
3344
45680
10047
12861
41627
46441
29055
57460
29793
1001
40384
45777
5628
58259
45568
7985
45757
13861
57253
43333
8388
13705
34789
35657
10793
15323
14295
32508
33941
25762
42682
40674
13734
17756
41290
18063
37532
4459
55704
23676
639
35569
54541
35386
12408
16702
52587
9281
11786
54371
10152
13656
41319
39062
6170
8403
47277
15019
16544
966
24369
20432
35261
11463
45777
6191
51007
31678
21166
46099
501
7543
24521
17089
10005
4166
45598
5730
8419
36118
22648
39537
52471
5135
41259
45340
19179
25863
59593
45999
49856
25376
16373
20945
53091
36843
47488
8674
57741
48421
9433
56714
27051
7607
47561
57093
30774
32066
54023
33426
49110
43836
33466
53438
27234
50557
14135
14020
21365
39037
30869
5628
16635
7186
30152
25571
9718
34204
29108
53685
4611
7097
51224
37729
55319
44490
16872
31175
8050
34455
41370
31347
20482
42292
38585
27150
29378
7404
39395
32610
59705
26773
55734
6410
21490
11838
18706
20786
16881
34100
36543
17115
5505
36481
7661
24690
50849
8905
12695
59481
41121
21809
16192
11607
14065
52035
27595
48579
22336
52033
25603
23014
12877
25082
34730
57201
45667
8083
1968
40335
17328
19859
56262
41071
25294
47953
27963
17912
54627
5464
21210
19368
18424
38008
18611
10561
43080
42514
20526
16434
50409
55608
27887
29960
28430
20072
56601
20043
12941
21571
58753
13973
44253
5246
34562
41940
6063
47562
55845
43253
27914
22166
52235
46718
8478
57973
52802
29241
51491
54973
13312
50152
47638
47835
8592
27700
15787
29386
38976
7470
16084
9520
37515
36877
30076
26072
30713
16636
5927
884
4152
29214
27664
54759
18300
10019
47980
27280
29925
20962
29701
39114
36830
56502
51539
26121
23279
24963
36553
23117
25105
4190
4552
6774
10127
16586
12996
52566
18536
38481
26365
46105
33551
37383
19251
24109
16200
26003
27615
58050
37847
26815
58438
12144
32041
10444
56148
59861
52785
52405
37529
12013
45934
22233
25489
53805
5649
33997
8022
40598
28588
12887
29722
59750
24355
35659
22887
1950
35918
36578
58761
28446
4963
41510
22398
43562
33151
9900
22175
9120
21256
37288
50903
32106
44634
17428
32227
14702
45447
35836
12344
50879
5344
2972
10319
50928
45318
24916
49787
43481
51365
41554
46205
21650
45764
20593
26332
21816
43829
5996
36863
43472
18900
41575
7436
35171
23077
36400
53899
53501
2081
44599
54748
56247
56533
23582
24033
53884
45236
26732
59823
49370
21836
446
55319
38574
22404
29325
44652
49210
38033
23683
47591
36966
133
42059
53910
38975
47490
56648
48532
58261
377
50899
29931
31935
43707
50596
2665
10718
27500
17949
22582
44103
15734
33514
54056
6642
10056
46557
33635
10118
56983
45487
2641
35552
23752
24717
14590
55932
32448
36324
4593
13180
11608
33845
6086
18372
13976
45307
47527
332
53100
15891
3046
37712
35496
51802
15500
53201
33249
9166
28509
6641
28722
22067
23285
53677
28397
3653
23790
4342
47084
8253
33278
32729
239
56356
37501
38783
37738
42392
56690
24511
56887
1708
22022
11592
37835
56977
31163
3536
41873
45833
16799
36948
35584
40618
53760
21019
57661
37826
58342
59158
49384
53635
8692
8304
15296
17413
45111
14676
2059
55037
53576
38576
11806
29000
25069
26056
45637
14848
32552
31545
18216
43024
59720
31233
16317
40552
11974
38180
32065
53018
34393
42028
42128
19384
22220
25761
21319
25756
48098
45925
29216
23729
30294
35044
3800
20233
43000
54658
57474
5791
25171
27370
2844
48805
9836
23568
50740
5142
53140
20628
21409
23745
56268
36479
48746
27347
41677
44478
54677
20544
20880
431
961
35017
43192
28381
8333
27806
24336
38232
50527
5902
4398
35705
54027
34934
57675
36374
14510
677
25708
28140
30303
39664
57650
5992
41405
53187
18548
47171
19834
5052
55097
2086
13962
22908
33809
53592
33816
11802
24496
39372
53407
46717
10505
33851
59041
28870
48810
49393
56735
16811
43491
18849
58990
41978
14928
10898
20784
53783
53399
34507
8644
25079
45483
30722
51936
16545
22909
23336
24307
53604
22419
8069
57450
55296
6484
31209
47772
41967
1877
47547
23109
59035
9198
59235
47120
48774
59367
25584
39372
28586
39873
40286
4132
4915
49969
19951
39226
22424
53688
49157
11785
49433
19291
6855
34836
8216
52015
38327
54811
49230
53767
39042
58596
41142
49040
12195
29219
54008
36590
48975
9415
59382
54996
36334
11947
40329
3046
12634
1018
26992
12202
20618
48046
1215
30650
25129
55072
2857
36552
28962
38553
47089
48798
48999
53077
49323
21399
31945
58132
25533
3013
1269
7995
8767
4524
2936
36165
36168
26270
59254
40030
57912
24086
56746
31374
52653
24860
40986
45817
7209
48493
45898
32130
36020
54113
59029
11139
57150
41124
20760
26396
9209
50061
9657
59620
44643
52138
54346
52938
45088
29102
11497
38791
21289
36258
14690
2885
32465
53977
586
35170
45554
15813
35462
49517
6113
10024
36358
56474
18426
21743
6124
45170
33211
22737
5488
59403
2789
37998
30283
33198
16609
7154
27664
32916
22079
7430
22557
27060
24890
30372
24345
51972
54207
36572
16716
16157
44657
10075
46772
39225
18447
19183
28320
54989
2831
4434
24107
29514
26052
48965
7152
2561
43725
22752
1857
21227
43127
25972
24117
32240
16175
26969
25586
52667
26882
3451
53371
4243
38705
21565
11139
14719
53468
31577
15145
14898
24145
30112
19825
51762
12662
25378
59238
48772
52802
58604
15328
15049
6321
22216
19180
56997
3710
27404
27691
47541
51105
13994
39363
45597
27499
25097
45332
37942
42529
16254
46977
39201
57680
21192
32530
51251
1387
27562
47352
4677
31065
15128
3270
9567
21213
42993
12013
49196
48948
9060
4924
38502
48190
34338
14449
17589
15466
35410
51467
8497
32734
56905
35364
12062
14672
10358
4014
45722
57912
43319
36261
13842
59276
6646
36784
46085
47700
12312
37506
25695
55638
4162
57878
47801
29299
41527
47776
15889
18901
6876
36036
39817
47832
9764
18693
48451
58521
39427
31704
25583
34015
7650
46485
28666
38962
12059
51785
40712
5219
41792
52541
15807
55565
43443
22138
4635
8405
15850
52383
59669
52347
20706
35602
54029
55163
39332
32492
11275
22552
21994
37725
38768
17310
19366
26363
45900
46790
54545
543
38074
23479
6495
8150
4907
48847
50743
437
2546
23214
47733
19947
59197
37015
35635
45893
15812
57324
36689
1066
38625
22799
18948
20897
45833
8149
18904
19516
9115
32011
33902
16868
50684
14884
4116
8252
57766
10371
42028
14958
43911
45705
3418
58069
15324
31301
17543
13707
13880
32954
23871
17210
6815
58778
38347
34366
38853
16017
59518
26303
28858
34765
13624
26066
8968
11263
15505
22355
26530
806
58544
50884
59767
47615
57013
35923
58329
47090
31244
52035
38848
19934
54891
2102
6447
3605
49036
13663
12676
42374
11969
57263
30236
49362
25056
23101
58282
43802
38097
42787
11250
28071
20440
40271
21516
13344
58788
2682
1908
47318
31911
59016
23584
3167
21558
1167
40793
31188
13520
52773
53604
58586
16008
48237
21664
25882
22780
28740
49692
33175
27155
52528
57590
37580
41521
37337
1881
28516
1735
23389
14740
54907
50552
41532
55704
25830
37599
17531
21296
52016
46824
19900
18472
9764
5576
26881
11230
48137
10399
57833
653
44966
16418
44708
41859
43488
14195
53571
17165
44640
49205
34238
21050
27517
8327
17460
29835
20865
2551
12498
4687
32771
22790
465
48166
3686
44456
21536
38502
1491
9128
56803
6763
28128
4817
33046
17557
12655
54425
14075
23367
59073
47413
34642
11979
10826
8109
30104
20751
3983
30798
29348
1754
46475
57385
4466
33761
46104
34636
22822
38528
28283
58320
53379
21045
38559
5457
40563
35895
48004
54424
42830
14133
23578
22536
6685
39180
42189
38957
6270
54185
46222
5088
57391
40013
27172
4686
57782
28929
24804
29900
22746
15789
53080
10430
15052
47690
29269
5302
49511
46204
14662
12669
54990
10320
5740
49148
40107
54259
20814
36690
37630
25693
26670
40067
2821
8229
42092
41982
48807
52038
13435
33399
10670
44639
58852
7384
55252
51018
41523
45743
34619
4049
24367
11606
42436
31699
56834
18184
24982
39026
35169
27225
17891
38651
42133
37961
51545
33108
47877
21077
9724
15387
44473
41713
5181
8578
5365
19901
54469
21941
3291
18994
31804
30633
13721
45144
56958
4237
30081
25613
5881
25838
34329
56375
51484
27737
6830
21158
25034
59380
47225
42944
19248
14220
14414
48732
58438
30668
37577
27495
46053
5342
11794
45551
29769
15198
39343
3814
44299
13104
44696
22472
46881
16164
28305
19587
26284
24636
14658
39331
45464
11739
43164
45522
26044
27982
41675
52260
46410
25127
34560
40475
57987
57243
57787
43926
7624
14119
49422
10342
14702
44323
53292
11069
53533
50852
46629
1972
40562
13229
600
16626
1819
20885
7548
8182
29434
11281
14422
49730
57571
41704
45075
41185
528
4347
53613
25062
45054
55023
50608
14534
2734
7683
56060
6461
26367
10797
2140
58716
58786
13382
3623
20585
6403
54831
34432
25914
51604
9509
49960
57169
29972
17902
33780
23377
4628
3697
45752
19495
45618
24514
35845
14541
8741
56232
39339
51107
36103
30901
13517
27516
34376
52251
11343
42930
32840
5143
7650
41192
7292
55932
56803
25499
30765
36355
33830
29511
910
21472
31873
22643
2092
13723
24953
42246
23222
54766
49561
30861
58245
29119
20369
13776
50878
20077
47173
30934
30953
14105
42093
40078
1148
16370
8023
46463
42820
22071
34761
19501
18019
5243
10432
15992
55605
1141
36086
28599
28150
5670
14572
18391
8901
54329
36448
49676
320
21798
8104
17077
51364
19403
1413
9304
47612
4980
52461
31360
38471
44079
52934
25392
28370
42268
14431
37678
21144
52966
50615
52127
47028
36130
59504
31122
13217
48384
53593
9480
40385
38824
5456
35060
4072
852
32656
29021
9126
16065
20148
59171
14104
58568
28352
23678
27044
37721
29400
30129
34249
14700
42602
28566
59303
51837
5991
16982
23131
4708
47114
48986
51687
54062
43664
1559
45879
8387
47793
2008
16736
51286
47975
18606
37887
28129
1441
13090
59805
17544
17067
30636
19935
59738
10742
8577
1977
33857
58334
49128
22483
33768
28877
15644
3906
21174
46017
39869
32550
12054
58015
58927
28245
42688
19961
56969
59456
54592
42236
55925
23904
17297
38398
39072
5778
11762
33494
42041
1161
22057
49954
44729
29140
57758
47116
2055
26097
39769
34418
43153
55424
39170
7830
48585
16651
25568
46271
10281
18451
32107
47401
25589
55366
27098
33782
33911
2729
26591
8205
22261
10951
51926
31318
48832
58584
59929
14008
29428
20533
37268
19003
4431
53124
39076
58712
53368
28595
3428
38511
16977
44566
16783
49501
38821
37305
50641
12334
56177
3762
45534
44738
7704
55343
51807
7968
50108
31707
4993
6397
37079
56323
57423
13683
22113
15959
32440
24670
18336
41895
29659
25847
7545
30651
33099
48759
18196
8335
39005
49291
36727
22701
3060
58116
44442
30675
37083
24390
4981
37784
57612
50509
26296
5162
18365
52315
51796
45517
20184
21806
23131
16939
58650
9756
45858
11409
49949
22023
16713
6659
41374
53145
43736
50397
39212
3176
34103
45839
3942
15248
21682
7424
27191
51050
52173
44504
18388
49790
13304
24083
38427
29081
43912
41451
39055
42895
24302
9113
58591
12567
40584
7897
57394
9899
20871
32210
1010
15084
49729
10354
23787
17190
10526
30611
35484
12124
55180
22958
5706
50034
17173
37049
54147
32005
48471
327
19650
25767
24562
50956
20428
12468
28355
54707
3756
43631
26832
39069
3916
37669
15061
56460
40655
318
24343
56030
51576
23514
53208
53481
31663
3296
23050
5328
37847
59259
26654
21244
57193
24690
52379
34346
19289
42773
51885
15359
35730
32961
39525
35619
8584
15638
38368
42818
26363
8671
27113
32320
50378
11968
5762
28272
6117
17184
30961
49879
9597
20747
12079
31518
20841
15570
43820
1431
51097
23757
13438
53615
36407
42681
33491
30083
11866
36425
54565
33158
33258
17698
46841
50321
35084
48861
34154
17073
37059
51699
2194
15722
47974
23753
6539
49520
24906
37978
13798
46569
43858
22686
27534
39928
55037
27192
33015
28491
13153
2594
13781
6773
16405
12383
24500
38946
11261
48441
49902
1938
58878
47333
10187
20955
15432
32756
58856
52720
39253
55722
57874
15843
9793
392
1128
6019
33908
6098
12096
28378
26848
55159
50679
58915
6103
57626
11595
53988
31739
23225
24900
40364
2275
12092
13041
33314
9644
56772
10179
50434
30541
20445
26087
15719
25718
8698
35844
32275
24994
51134
48045
43006
9659
42333
26296
6508
55963
34231
44137
14248
36292
43608
41565
33832
34627
33288
56858
24809
4229
49497
56562
8381
43807
13770
44842
3399
14380
6788
48740
57242
55166
45346
21250
57332
9773
21427
24293
11099
4887
47778
12439
16662
32398
50365
33099
50018
36986
54091
36873
36702
9488
59668
57991
21452
18566
55115
58041
26280
31281
45423
36501
39051
24723
25662
36053
10690
56932
46119
14561
5408
23729
184
49332
2441
36427
51840
20480
35865
50298
40460
9364
11100
42137
42182
10211
56264
9737
25049
52474
18060
59547
24540
10457
45303
20775
26940
59860
14192
54338
57955
47563
44246
6930
17865
32580
17070
58498
8231
26487
56079
40059
39977
26543
16568
18056
6128
37831
45
56416
47205
33060
45605
18779
35607
59905
52159
49523
45981
21539
59516
33764
56474
25010
35837
11352
36367
43251
6142
15880
8536
36284
15717
17437
41036
17320
17250
53717
10981
59843
1668
42723
48148
42627
44314
55538
54484
32403
24132
24434
47179
27495
18896
9129
9824
17519
11935
33809
56888
55108
34193
52682
16589
56010
42122
3298
38930
39022
6839
10642
13350
20356
26384
16160
6921
47165
27700
3652
11212
24639
6891
19816
23440
23065
19104
51572
48496
6971
47795
42501
46281
40379
46722
3767
9217
29479
26859
41184
6904
24968
21856
35628
18410
1960
31597
10078
18522
87
29773
28767
29059
13639
33030
41419
13900
4295
1663
52580
55226
25352
15714
41550
34752
57776
31306
57024
34074
27835
15758
51657
17728
6066
29776
37571
36846
28617
58390
44057
39154
9382
57252
10963
22512
5504
9658
38801
42445
6634
45889
32912
12600
29029
52318
36673
26902
24396
55
155
51772
35769
9359
37608
55546
26287
25346
10496
45667
4227
39589
18491
4432
44168
52015
8230
42729
36129
49432
29192
19142
38271
21000
39243
36004
31443
2234
26787
41259
18647
30430
8452
57860
42956
32965
38757
22948
24644
56993
26420
38256
36410
15949
48619
41295
50241
37335
17000
52800
39409
39690
35154
16290
46529
50565
14407
36830
34583
23666
58146
49
41619
5217
1575
12858
52989
56902
31804
46561
38155
2463
42288
2515
51813
13640
22928
2339
