37
816
43632
23245
28544
34814
6521
16871
3421
8670
41408
49643
3959
33115
19327
42199
2662
30259
18382
47773
57078
28312
18307
29915
3378
51668
35710
48194
35830
21532
53675
31240
33568
25880
1750
15363
36050
34068
13538
26421
35009
40093
14430
32691
57409
10876
13340
29715
23105
40727
32368
32197
16421
18857
52546
59600
43972
21979
44308
35928
6905
50429
49020
49532
33600
3691
34287
56296
9687
31511
6351
18010
20709
22362
43905
41154
16887
47473
15747
2222
16294
11907
17985
46249
10083
6267
14408
41910
30115
50045
16929
12535
57551
15819
56943
34875
14152
48609
33567
43306
38359
59262
55356
36224
44190
11100
54372
15578
18783
13633
31430
39452
57661
20381
16139
29746
33190
37786
33698
4208
40824
44999
22789
40066
36465
28243
8784
57310
50063
28983
14284
12829
2394
36534
36818
41370
11176
38524
43283
21079
2585
45728
14495
18534
21811
45907
6134
50580
47478
40857
58740
26867
20108
3663
54182
4375
12088
17337
40197
12194
12008
7698
44609
50187
57412
44978
35018
31790
27499
3406
5592
49498
33019
37516
55200
48240
49420
7211
38573
45879
55935
14729
15939
35917
39943
7527
54047
15559
38533
48763
9387
57369
4742
18036
24986
9597
46196
25434
34505
11744
4849
1677
43137
2075
48763
30185
43992
43165
34047
40654
4436
4456
53096
56899
38834
5263
38624
34329
38394
16985
19555
18238
40514
16519
34245
36073
44256
443
31291
24850
18382
34712
22982
19510
43066
57682
45042
16724
14677
25595
27014
364
18619
44579
59734
18028
58308
51395
7033
30289
34757
39302
8228
7006
27077
22040
55985
20786
548
33604
6042
33406
30640
13357
28213
6875
53357
1293
7656
17036
45578
11065
23922
26826
28811
55355
58379
59435
47664
37033
23438
20669
30834
58465
701
59591
58772
4711
43393
20810
25970
32902
32477
38169
47163
3208
51691
44288
44196
369
352
13773
42521
56331
41644
25907
42732
51608
30461
45664
16198
7970
24902
19747
5306
40361
9480
50159
28585
27766
30612
1112
44662
37149
38327
24983
50494
8181
10419
56166
4384
15592
41348
27757
54228
31039
2531
1529
30088
30361
19860
3391
18926
25067
41624
14362
33568
11988
41275
46206
31816
50330
16113
36652
3121
24997
25619
50693
33445
18509
10474
12019
45313
1154
35992
46203
9511
34697
43856
31321
34629
38935
49030
45719
35394
32807
45087
59537
6894
7376
57284
21760
17456
14042
21153
5732
25319
57192
8100
36218
44201
44959
34175
33233
31370
31228
47362
42655
33969
44738
34210
32416
27204
51967
57793
23361
31603
40806
49900
6297
7440
2514
14069
15889
55065
31983
48257
9087
31810
27977
11978
4138
7407
17470
44698
47029
43191
21999
54131
46211
13963
29892
44092
50603
17191
41167
53420
57139
34059
10358
39498
25693
15809
43889
22933
54809
39059
6297
4761
6258
54755
26918
26062
45180
56598
29928
39557
302
34464
47963
41539
34394
547
48377
47582
56926
2531
20903
45472
43246
4379
24335
27493
10411
51076
9917
32149
52402
7159
37595
38104
47394
27257
36360
59466
28060
5233
18096
47847
5454
24473
42666
15305
50404
50101
20996
58829
6945
1654
2726
9374
30550
48537
50704
48428
15460
33164
11756
52976
59975
30560
6418
50966
15371
53782
13035
4063
30994
7069
39469
25049
21662
42962
45212
13238
57674
13963
54256
18188
93
4689
21639
22822
55922
46537
31001
44217
39275
52494
47266
14423
24669
57786
24707
46457
41137
22868
9411
28218
48523
10444
3598
1126
48829
30303
50639
30635
5977
6279
12744
37586
19017
32877
20357
44552
2871
29971
7333
6178
13882
43907
7562
22850
35187
45274
10543
43277
53681
59571
16689
17888
6233
18637
31836
18683
31558
3965
12443
25058
47789
25587
26121
3772
38597
12118
32404
44084
52075
32248
30502
18202
28482
52553
25431
41680
47754
48715
54036
1033
15661
19263
34665
57013
17310
43186
37723
15431
46543
38581
15913
25253
33772
55879
37779
16292
7549
32326
37973
24519
1725
39646
29080
42840
3359
12080
31310
45273
23154
9238
889
23620
55345
46982
59217
9326
10333
3128
40667
43207
40658
20063
47906
29852
8009
44802
11010
40384
22154
26953
36778
37865
44623
40008
54534
27708
37221
37223
4159
8289
32382
5331
30399
26725
40865
28012
9287
54598
44026
41492
40185
22065
16822
59414
29757
8255
14840
13856
81
47733
49001
30240
49123
50126
25125
13860
58100
29781
33123
25502
46419
35270
31969
54956
18796
34646
13380
52632
3608
58395
27331
40639
58852
53747
15130
52675
51855
59809
41919
28656
59714
53720
23979
16194
39790
5371
45006
44698
28279
21383
18963
43959
58886
56815
28855
24850
7136
51465
38537
11948
22088
22165
21281
25278
57026
13321
7592
26791
53912
5522
26166
39395
10309
23579
9894
31644
51005
54123
6376
32642
25226
350
35525
663
19890
29359
37805
46403
1017
54261
48071
14190
57923
49473
45534
6854
19073
21297
56331
31302
17700
38360
53571
39838
16067
20797
39382
38172
6817
10891
26969
33569
21928
30759
47749
2223
58057
29249
28542
17292
7203
32646
10346
11645
5662
16067
45772
33572
29676
47484
34233
8353
15897
19822
44937
6550
25434
16004
3499
4672
27429
16156
33766
48143
33804
7574
41136
33846
51282
2111
5123
48338
29795
52466
40087
25207
57465
58942
43412
52674
23243
11608
209
57161
58855
42268
32286
47023
20461
42794
15780
16330
53962
29842
37848
1004
1303
11460
15140
37487
38376
55424
18446
52716
2254
11807
12546
7609
56553
40146
51503
56523
35699
1006
12628
5415
23035
9070
16487
58833
32407
56221
19123
45380
28737
43886
11745
35426
6988
9462
11368
51171
38255
54995
16618
14404
27416
47264
5319
15924
37457
41963
7592
59193
43494
11770
56185
36169
36002
6779
11705
25994
43673
43940
43827
49786
18745
35676
40782
41216
55851
36253
2314
37152
45961
37022
38394
22372
59769
7162
5726
30314
3239
2429
14006
26535
39491
49738
13908
31985
49234
15040
24732
57110
1186
38008
42611
45450
36145
56050
20486
29843
30238
36403
3512
6880
49915
15606
58444
34049
54891
33841
3906
55497
47456
43284
1432
22671
42776
12248
58472
39442
48437
58378
5951
22521
1421
59788
20830
23761
15264
37717
3342
50894
25350
22589
15741
57550
39362
36018
36587
38014
12828
8424
28199
44226
6679
22097
17705
33555
51296
48930
54810
42225
47916
29078
58128
42381
37291
28743
14567
49408
14793
6562
40911
46766
43740
9638
15410
28055
51271
42651
4579
27109
18648
36543
35666
46031
39070
27121
25467
8750
1334
23335
6803
37096
19025
22224
17743
14695
27379
7334
33939
17555
173
21286
59689
42156
16371
19832
420
45994
46939
43681
8003
14565
25802
26158
52214
10524
8087
45048
2431
54048
39967
48526
30899
1558
38328
49182
36602
52896
14988
23695
19614
11372
57664
7757
30588
27761
20723
5934
24774
57314
45212
58742
52296
33300
33254
26195
44144
9429
1053
19781
26440
34389
17214
402
12874
52060
44460
18898
25252
17125
55290
21
52752
37623
39541
14482
55339
47044
42412
1556
9909
17166
36519
22985
30539
50532
45714
33332
15197
38941
39023
4054
57507
15482
28587
18668
28121
41113
13405
36292
38606
13885
1985
7259
18077
55251
47455
42899
56666
10771
15354
2594
18144
40061
29819
51383
17849
58986
20966
6109
16200
8619
1501
22700
35962
52280
37035
31652
35822
37525
28320
4873
14522
32450
23397
34375
45062
26113
28623
48405
30172
22486
56780
24548
12183
23488
33883
4940
52788
23048
24318
5800
10776
39259
46453
40722
19696
20320
10971
25176
51852
38923
46998
53694
55921
22384
56858
41669
4040
22698
29090
53556
40166
4739
27469
9945
13923
43618
55468
26601
47570
10638
8180
20156
785
40053
19946
54037
50527
18822
58015
30028
21916
47706
48566
14406
49295
55563
55198
4935
45182
41986
2654
10750
17472
41802
51819
23692
26108
4535
12952
31169
45077
18610
39841
15307
54986
54950
14072
28609
28368
37351
43279
34527
5372
47166
39431
54079
44587
16328
1366
37941
32279
20791
2523
4664
22663
11005
59114
54712
59833
14312
31705
18467
57485
42965
23137
4212
35176
19148
53207
25017
838
31003
22020
35089
27427
27696
10509
11166
11780
10762
38468
45095
33086
55049
16426
26025
58196
45708
56270
37204
28371
45027
26694
48768
30540
24582
39890
1996
46179
2037
24113
2554
45683
11394
45085
58391
27230
18283
12280
35488
18161
38480
7444
20952
31513
32047
56284
31004
12055
265
56242
21608
34620
9589
7335
11570
31413
52457
54971
55777
35492
26066
14167
7181
56916
21648
32076
38583
7519
9966
15712
36629
22109
35064
43843
12203
58965
14288
20662
30589
32505
8188
36796
22656
33116
4485
31828
15576
40139
54671
58064
23391
10898
24859
21674
24450
17890
47922
57206
10330
5888
50154
39280
12308
22397
42227
56875
50400
19784
51217
19783
56075
13135
27717
26114
39962
58241
1086
13092
52814
55110
29045
34559
44437
13315
18467
34705
29224
18689
48039
55172
28196
4223
39310
27953
52223
35333
44996
59811
24644
14407
35726
47888
16005
35054
39226
43968
47486
54482
59532
26596
12268
10136
7790
17310
29041
57748
47085
39433
7966
6887
23113
38521
25581
55351
54922
23341
33680
59977
2604
6523
26694
8413
2026
53022
36188
52296
58961
558
7130
56682
47052
59070
36081
567
35199
55445
19329
2182
3645
27282
7509
53124
9364
6598
28733
46941
58864
24781
7224
13303
27254
54770
54320
2331
35938
56958
29665
43272
53803
15536
59559
8994
1337
29448
37786
40848
36285
55530
51173
59441
21673
3655
25263
58435
32349
306
50250
3670
1128
47481
19886
40509
42038
31688
3645
53301
41498
3896
27491
19714
58922
34923
16839
49871
47430
19413
35984
51921
44519
34869
1591
57747
44145
46963
13824
52572
44844
19495
2575
10030
19412
14521
55535
58368
50471
29755
30435
19501
56596
31212
59846
28510
44612
48590
46196
34941
14012
35728
10390
48247
8950
40594
27519
20435
31260
27072
6990
47155
18938
42477
38030
44650
16788
49435
54391
30603
36265
27431
38060
53123
11268
59898
6289
31860
52462
98
42394
54917
7478
21385
19793
26635
23067
37761
30066
24769
1708
213
29556
27127
34415
34175
58136
45489
45526
9411
21130
32353
16526
36395
51808
38446
22648
44719
37087
50512
24099
41911
41452
42146
38065
34164
59474
57690
56675
47558
53494
49371
51110
8036
27403
43148
18730
40505
44515
5703
15063
38882
34199
54404
59782
56703
35747
626
3091
26014
29372
49530
33835
48327
55149
51984
52496
47410
6503
49302
22719
23216
22617
10683
17300
10497
23088
23678
35934
19542
54960
30426
6250
57317
11500
1396
39747
30101
36402
39731
28404
26621
32159
51217
7093
22671
27334
1449
20791
52527
8968
44533
45395
25738
10420
34924
38715
9319
10040
34549
30960
26017
27942
39198
10585
16658
45544
56562
47680
35148
22740
36134
11476
7245
50629
31664
13051
45954
38132
30328
57456
23265
37430
34792
54150
59908
11611
47245
22733
35948
36994
19807
46056
31638
3544
52909
55285
24014
27020
46793
40205
26406
19305
40615
38364
48488
31908
56736
12396
9598
29931
3493
27839
16368
38793
44559
31910
38299
46131
43763
21927
40109
1116
57397
42530
6914
47518
16350
51925
36147
9691
9023
40969
34901
4339
36837
9918
9457
41477
24071
54710
20209
20668
59967
41878
21190
9852
46431
15330
15795
47515
38719
50486
25992
15536
54853
45396
22519
23091
51757
37919
42498
25176
30919
45665
5874
13515
10902
58170
51826
12006
35497
30456
7123
57015
6297
36531
17397
36270
20018
36707
45054
11096
59086
6699
45167
17694
40217
7280
19668
49697
3194
51967
57287
1414
355
33061
23769
47903
8230
17121
15754
7546
8806
10468
15456
502
27573
26753
12460
52546
7559
29153
42434
38265
36271
11716
33979
12413
42629
15043
48486
8445
627
44275
37475
34639
3489
37830
1789
4612
33114
10078
7113
18233
30618
58744
48582
14721
39107
22779
10366
23559
59301
18635
24274
26073
21471
6043
50183
31877
14788
50042
8959
36890
26280
9495
35710
4992
34669
15587
23807
46553
38902
38231
39310
49049
42311
47711
13167
34569
29745
25210
5935
36708
25733
10246
25852
40212
58657
6402
14087
27600
56437
48041
43765
45274
28813
51676
17883
9121
8096
4259
16621
8363
16682
55367
19313
2118
4752
2146
34874
46621
2135
56512
33920
34975
28090
15235
39266
35686
9039
41365
6635
54822
15719
2817
19900
36518
13093
27600
2305
55592
19528
13190
22865
5388
25992
42518
44613
28916
57579
49434
6097
26389
33518
11048
3235
48640
59298
946
12613
20569
14793
55699
57822
49394
13511
42035
38702
25270
19108
40089
23138
23621
28649
24536
18845
58604
11775
22238
46580
5646
43900
4642
51449
32422
12922
24896
21411
35088
39629
4534
42790
16877
26616
16850
20547
42002
44528
2048
23127
49328
7081
44584
41587
56604
24472
35775
2079
18469
7614
19877
12297
19064
52914
47301
46456
33834
36882
48944
35342
18527
17808
9832
32940
56635
20301
29020
13141
20554
53412
15020
27895
16068
4358
14612
5564
31347
8940
42964
54133
39425
51149
9512
24556
34286
42513
9470
20503
41539
44044
25905
49948
54942
46263
9381
37928
44808
21533
32624
7394
19441
24929
34476
51957
17359
44043
54854
24637
15171
38827
24403
26388
20434
12087
49897
10814
59700
40242
12912
1679
44971
20600
20124
2309
56617
17660
55110
41548
6784
16247
19002
26292
7921
37075
780
7019
56677
1873
525
11760
52683
33241
51985
59206
49449
3439
49052
43520
2101
16605
41888
23975
43691
26718
21362
45303
17266
11619
45299
33289
43252
41570
50516
1504
46315
19113
26510
11658
49490
23276
58607
29161
9295
58468
92
3426
17768
8612
40312
15054
31278
929
59851
12419
44669
19733
47812
52760
12666
39252
7578
46143
23788
56406
30163
53710
7781
12802
9103
36311
33659
3305
51879
19443
20066
1952
30966
47546
26033
29081
31684
49676
45274
45903
55979
52040
39118
53665
6142
41899
33730
34015
34468
56012
16371
15170
28338
5376
7650
49850
26370
23296
43256
36244
59266
40569
18899
40715
50833
38021
9507
59104
9662
6819
19926
52390
47212
48997
59836
10130
27675
7096
25945
24995
52205
38535
6907
22448
37414
22254
25055
21166
17933
35486
43958
14525
5863
35470
10241
31902
55623
10560
24020
13830
20876
21520
10549
21065
23551
34504
32454
26204
55547
59015
49409
26379
54612
2281
4586
35797
43320
14728
56915
44975
56137
29395
21108
13217
2020
30281
47399
1680
195
50804
96
53288
37142
44245
58622
23012
5707
44414
38134
9539
24003
40509
57614
31949
27238
54169
30951
12358
52345
27966
51223
34766
5719
47487
52518
46593
21173
34246
38534
29043
7617
20280
27201
53543
42799
13029
27677
32563
56699
38861
20711
34878
4161
25923
39466
18188
31391
48107
9387
56292
42104
11871
7091
21472
14186
52442
31055
41046
24543
37392
13401
55245
34455
35836
38237
29414
14377
10978
19612
34585
8970
23006
21424
18427
41802
48856
58915
8795
13499
49019
16301
31393
23262
14196
24879
27755
33872
29687
18041
19048
42894
30894
5671
55843
27657
36148
9233
30232
37604
34801
9899
56575
38783
40997
30870
48931
21526
35112
36046
37825
54731
26713
21596
36342
436
29944
40112
16872
7241
30285
38279
48463
11218
27305
25766
12988
41031
19818
50707
54887
28335
29012
43753
51957
13809
3434
28615
42231
1153
28663
32690
48833
58352
51162
53956
55985
25958
48502
45273
226
32083
34127
2482
48000
35479
38309
38956
22467
14504
41420
37216
10237
49720
20651
45595
28626
30878
29464
20380
50852
41632
52470
47914
39991
36734
31472
44580
54462
3780
32015
36948
14915
18716
55447
11236
53483
17289
38508
18436
34113
48322
58118
22401
56475
15086
3885
46123
53486
48033
43103
38509
46774
34296
6202
56906
53145
10002
7514
27722
54866
8989
30677
45945
13277
31234
22512
49704
36076
4369
47005
44664
33498
21153
7803
5249
6134
15717
4154
12649
27596
33423
32868
42224
55535
8670
22576
5842
21659
524
57692
37894
34909
33541
9441
32076
2522
14439
3195
45557
31793
12180
26893
24189
45067
59949
25453
58196
31481
46531
58894
42562
32357
55132
6680
7084
28800
33070
4524
47596
37237
31278
52831
26318
35826
20388
1157
42891
49613
12039
48197
18506
20184
7234
16740
3093
15703
18417
44264
2839
42540
27483
23305
26703
32715
55003
47053
3067
53003
13588
21698
55866
37277
45051
31904
1098
29550
13485
42152
48008
39578
9661
23063
49367
8352
22909
33878
39727
55849
2210
36208
37352
52193
23393
52101
22131
32321
14026
776
40315
18360
31385
16229
35639
15528
17743
41476
51854
18708
1302
57742
19401
51819
29435
14936
53882
41494
30832
9749
5168
4676
22280
323
38176
17133
51808
49130
49669
30
34074
13712
52270
25452
22157
451
1203
54571
21105
35575
35644
36584
43165
49701
24224
2503
29931
40304
686
38999
404
36441
48958
14806
24914
11743
7100
45786
14081
40413
52997
27575
6023
30560
46675
9424
38558
12205
29790
45866
50416
39498
10389
48502
48891
9313
19598
31787
26690
53324
40519
36560
48906
42274
40906
50073
56210
59102
58882
35205
58772
55777
37964
7183
28261
52481
11436
58801
56043
59978
36525
58419
36487
25536
9126
34963
12078
34796
9392
2629
40282
3123
19094
32182
47274
10805
24428
30298
36698
49223
21199
27672
9983
16536
23054
26651
50671
25525
12704
26093
56811
18571
35031
47559
49722
37037
6090
54980
11428
31919
33794
54843
30688
58132
43099
15053
33378
49781
24934
44820
17590
29675
12679
47638
59188
26748
47271
14746
49003
45268
30664
12074
19315
22876
1190
53035
4248
28887
7387
41128
8450
55188
18153
33945
49925
13378
44850
36686
33623
13012
35234
24890
35387
30569
7177
59274
7889
22558
4447
41889
3211
45279
54953
18823
23683
15297
17997
16189
16535
45217
35892
54552
22604
17611
28497
40314
6426
53340
6465
59607
58325
24411
21672
34021
33566
16670
29605
34799
15565
32409
44899
52209
23358
40913
22771
34110
51066
36658
17643
23484
40626
38485
25007
1254
37624
31614
29903
53974
53096
23670
19153
13652
20816
57939
17901
33168
39004
30916
24407
37035
43168
54968
53036
31109
1313
26841
18927
58891
52522
36784
53436
34340
19319
55765
22092
30957
18423
57869
22331
20675
49655
4289
33821
48680
14949
30502
19173
12104
55072
12822
14265
45953
53262
44678
8890
14129
39231
5849
34670
30944
33225
6188
55299
33908
31803
12491
3601
46786
18477
12578
50150
26944
28867
22178
54168
37264
34595
46769
20385
13455
18088
50811
15325
38788
5965
30323
24922
37463
47095
49878
11095
59753
52854
46319
58406
25401
455
52675
34592
24327
27641
40544
24173
50029
3702
30885
55894
6114
14207
14167
426
1216
32838
56761
10624
44276
54236
42444
55036
51909
6758
32911
19188
35688
195
30787
45032
49538
51701
10059
1042
59993
14306
32619
4225
38936
52902
22542
44797
23862
12272
5555
29219
42466
19648
53657
37390
37698
44537
43147
28100
44701
45107
15370
15426
24155
40218
42778
51903
9474
24160
38813
39
47456
37507
14091
52787
50469
38238
53949
12517
5838
53822
4751
53204
55744
15329
2233
41985
32908
5136
57626
5567
43260
47585
17863
57217
46292
28841
47208
6845
22521
18116
31732
55456
23260
29525
27322
30225
24041
15389
9510
46248
47112
1237
49930
38850
23183
40987
22027
40496
55058
41263
4121
16073
49788
16563
36794
2646
38403
20617
18575
28236
31376
40159
13737
35803
28851
16559
41079
27384
52157
46749
47817
55608
1970
43869
6731
45859
6867
51788
20549
35031
23765
56816
38940
11276
38422
7005
26668
25887
51102
44158
47863
40710
929
37674
14908
45541
7025
24481
58949
44681
28019
31420
46228
17964
27543
54806
31999
38748
46667
20737
4294
28370
5104
5923
32311
36547
38663
7873
59856
46096
35577
55984
7954
147
40489
46763
28846
36085
42047
43441
15858
52092
19683
34723
31130
57454
328
55782
3547
6879
8417
48744
45810
2399
38386
8251
47587
49365
4771
26089
29023
52739
48523
43280
8701
26962
281
6466
10592
29916
47034
41424
45971
1650
7650
33362
42133
7580
17052
35090
39748
43097
48029
11733
10833
17018
24529
13541
33168
33702
2403
14573
29821
37947
22309
52270
36627
37107
44910
35170
7148
10224
47563
45361
41276
19378
42550
34935
17424
43307
26242
4180
51754
11072
54518
44652
38545
23044
29251
58978
19678
23207
44552
19863
23312
33436
29509
49500
4068
6283
53071
33560
1986
57001
12497
36710
59680
28429
44384
26968
16983
53058
44689
23947
58153
9829
48349
59787
8395
34625
48030
39311
47420
25781
19608
25014
36553
48059
37642
57308
42930
5286
3015
10860
2993
38126
23710
8828
59966
20595
36263
58129
1446
50639
18955
114
22658
19803
24936
35537
16663
48729
6317
3126
31243
35186
49647
11813
4034
8168
57170
57847
1130
55809
55445
23761
17236
32316
2278
5557
31456
39932
43627
30473
41783
24519
44863
58246
28380
58566
1414
12839
54151
18130
32336
53835
32807
20420
50117
57606
44012
45338
2553
6046
28837
15313
42380
42982
51677
39709
4293
7184
14446
40390
56216
33771
54559
52253
10813
38744
59994
51575
42142
16485
37015
45781
44177
33347
28595
40160
440
32538
49534
54447
48530
26938
10116
173
10109
33442
35413
7027
56678
38014
37233
29642
5550
3129
24567
17561
26858
46081
44462
48905
25046
57834
30896
7469
13030
37402
40013
779
8326
5416
30516
53329
38673
44603
47067
59819
2210
40102
40094
22592
21407
54959
22462
9397
28103
24134
3724
30157
1863
51421
41783
42215
32097
48776
43657
15124
56507
10219
5851
17270
36836
20849
6798
25899
37890
45201
31192
33415
58962
32197
56678
53284
2257
36455
37825
14517
11835
41330
22289
55333
36139
51018
13940
23635
24019
49553
4401
25803
7295
53064
10525
23498
40459
38353
35887
29804
5165
6737
7705
36550
46092
53353
33787
23791
11012
37392
31990
42884
54391
13969
23243
29948
35882
55360
8610
11819
51730
30572
40107
43188
45369
54454
5325
6328
28317
1852
57483
58433
54501
21514
32885
20024
38025
54910
26203
26082
35318
57041
16283
50689
45500
31668
16523
42360
15210
27953
7302
11333
11496
15198
4197
26352
15997
30881
16169
58604
55127
49510
40073
46599
53575
59371
33144
14787
57517
48281
3371
35657
46821
24221
49480
50886
42184
38424
35255
36824
3744
49253
6272
40510
32615
45897
25400
19924
38307
47148
14444
43827
10422
44128
57567
35168
12507
13480
26111
34387
35171
15379
24265
39904
9304
6251
25351
59585
29174
35354
48434
28463
50110
17961
6868
40501
42567
12436
46252
1193
33305
55739
18286
49592
49876
2132
38912
56962
34029
32896
52242
42617
5011
50178
39488
40463
35352
56113
7390
40694
38668
41761
3704
48889
51549
43194
24473
52208
14340
58105
11336
20829
14122
17906
1191
26076
12589
54269
52103
29380
46771
6291
41219
49128
15382
56324
23110
44077
36086
56699
13654
48834
47033
22072
21595
4771
39597
55520
56919
11856
3047
57924
52775
24688
23346
39337
30164
37675
48352
29328
26463
51598
45987
22342
36050
1352
15511
2976
28582
47683
6408
24832
39692
56682
8784
21938
47946
57059
17382
44671
58086
33167
26716
20231
13730
6358
25222
8073
5239
50338
55394
27018
51375
16415
50508
30104
20525
23937
9223
16292
33575
39759
16265
53122
45515
53375
22844
39577
6722
11615
53732
34690
12502
46810
49593
21886
34777
46672
42736
20646
10648
21369
49360
31075
17093
43443
25572
2623
57655
53672
43757
35362
28791
6842
37191
58776
25876
7278
25149
30915
38376
52348
3412
44008
42045
31187
25832
50217
20564
600
45215
41142
14155
35384
17014
37956
39828
5730
658
51601
32161
56998
35040
49274
40887
8355
29218
59516
1201
56389
19504
30842
7155
22874
45066
40715
46726
15205
49570
10982
28052
42483
43480
52593
2451
47172
17370
15769
3130
40029
34118
24567
51883
39852
12541
43653
42012
50198
40398
50845
42258
48825
26706
5602
55036
59984
20887
57471
29863
15394
54493
20190
14077
661
24467
9021
48305
5986
21042
7416
1692
43426
1189
28454
5101
11815
26143
59841
53172
35601
25692
15715
18317
29704
47041
6719
19493
30162
46984
49586
28516
36237
4041
33913
1244
37318
48128
35750
30285
51713
24012
47803
47578
52950
4760
34662
417
58182
42640
12293
42784
32085
43508
28649
57838
15379
58342
27235
7440
37026
53282
28826
11907
38415
1287
39661
20006
44452
57732
50442
14091
9387
1150
40343
45869
19485
40814
5334
18954
42857
36710
52460
42450
58704
32252
26687
46148
24467
57135
25807
34569
14159
59530
16537
11765
57450
14900
43706
25514
27343
44001
5482
8314
1781
45066
10223
57188
20977
32182
6036
45348
48941
52782
26866
25277
58606
5453
44648
48536
3295
48460
47802
51218
48840
12830
56219
51330
21177
294
21728
15879
17020
1517
23391
53777
46104
56335
58945
46322
52552
10382
51002
33293
58934
32859
48213
34382
45961
18194
40157
58081
25173
30239
14355
2636
7068
37217
57388
14988
37114
39270
57245
30735
37729
1498
39708
50339
30535
9290
32987
13586
29667
8587
50759
35982
50784
56927
20600
28362
32522
15944
8127
52895
2961
22746
46861
25029
30654
9224
37770
8842
56468
31607
5662
51876
35801
51294
13063
139
36893
39792
28114
7645
26274
38914
36417
21953
51649
6865
21047
4351
29221
18842
32530
102
59666
29325
19362
6001
57639
10486
37340
53868
24190
10425
9041
53162
6394
27678
54201
1390
4580
20368
47657
29385
22335
19095
24866
55669
9218
38994
37641
35855
31545
56689
31939
37112
25312
46921
48630
31662
32998
17735
53239
41183
21840
4140
41307
28189
49733
4538
17606
15455
14699
45417
34285
14278
2944
19435
11426
27416
32853
31563
52111
20523
16024
820
59445
34838
9608
46215
36166
23232
7022
14696
13563
22576
25733
14798
26736
6186
59301
36940
26973
14408
29490
40675
59292
35844
9615
44002
41920
40312
42204
3679
24335
52279
9607
43184
35950
18581
10850
59941
41018
49186
48311
15447
35742
52199
59608
18723
22913
37972
58902
18689
49254
28992
778
53829
34859
21106
49867
39229
57962
15231
52668
21906
20501
46130
41501
28057
1996
44601
57653
39557
2713
49528
57159
55449
46294
42279
3649
14569
47114
53182
44458
31937
40857
18070
11662
22571
25872
41771
40579
6512
38870
53651
24325
9060
41396
49281
11235
21711
19372
2192
24531
43919
22922
30609
3402
22220
48906
13416
42949
19201
12919
15964
8887
35027
18016
16256
18754
18968
50752
29761
22424
14339
7754
50112
41633
35872
57299
57903
49631
39599
58919
32568
28334
9263
667
9356
2278
43339
59790
41760
543
13405
45376
52257
46401
36928
42299
36344
21720
4160
49145
47264
34227
2649
13953
21423
23449
38466
50106
41746
24876
34802
41165
6570
34524
47975
1669
57935
24653
46998
23059
10853
42857
22561
14082
22084
14320
7281
53093
39810
6366
6500
22235
28495
31603
21783
16955
24436
51397
38122
45137
32242
18342
33541
20581
5418
13872
55290
29462
5752
27098
47982
6064
15248
2648
33517
34788
8080
39896
13645
46476
7146
31137
50006
36168
22542
407
32368
5043
20162
45430
16697
18453
1276
50743
15879
6682
4353
40395
29689
59951
4162
21412
46664
34188
13648
43836
20364
55129
29160
23581
22646
33334
52243
15676
2161
59018
5991
39071
19073
40605
27468
25882
11201
17541
44760
40086
50815
4543
53251
19093
46085
51854
53333
35677
15153
49478
52819
40621
9453
9
50876
35097
46373
2932
43890
11109
53722
15617
31567
33173
5476
25076
46757
47716
3156
4110
27622
30605
32939
14796
14893
17944
10468
40645
47102
22037
10239
36137
14903
37576
46411
51261
1188
53380
17739
37540
38741
28968
35849
36880
19610
35099
28583
7752
16695
46218
46948
20993
41656
38663
9720
44569
46964
13983
43429
26183
3498
530
34302
40249
56676
56480
9081
27678
29209
5883
9524
28192
18416
10881
54146
57539
56789
47565
39524
32878
54968
21043
21327
36787
39408
25314
36289
24801
20128
42890
21584
49013
46970
26834
59933
50496
22452
38795
20661
9019
3331
25777
3145
616
43144
52316
20891
34422
6111
25420
5686
7872
21138
50398
21930
5693
38922
58642
9055
19579
39086
14686
29779
20917
47793
26014
6132
49762
48606
1651
30611
27680
7442
33881
42398
3678
30270
11880
11807
20346
20407
48143
32489
52468
14746
58163
20901
21837
52638
14891
9841
16490
1808
16524
41617
8726
19716
34955
39956
17130
49880
52616
39188
58110
38722
42424
10009
30483
14362
20637
10091
3553
58037
26224
55940
39949
42384
14294
26020
38141
17417
54101
40187
4446
25609
55361
26166
32602
11516
4360
33865
34303
10233
5130
1201
40204
14872
29548
46125
11753
46707
57603
10601
57935
47149
18594
24586
6036
5089
27319
5263
17393
9040
20933
54384
13798
43931
28733
57050
36484
40086
41234
9064
9873
58271
25075
53006
51074
17975
47169
44152
55611
56790
5998
9044
8593
48631
37783
44099
44641
25713
5607
56587
23567
10616
19418
17805
14297
58241
36093
22585
15560
42687
33208
17837
8142
40618
53184
19147
41173
37181
18284
39715
48252
39781
57782
17509
11365
41621
605
43528
2832
37211
8271
34854
17484
59968
451
22735
46639
637
27229
20041
41284
52392
51975
42287
26552
38024
26339
7260
31049
16145
45865
44471
31030
23427
57900
21826
33337
9578
15522
54157
14842
28387
18483
12434
35150
23243
16924
29720
46597
9639
28130
48414
22039
58998
20472
44053
19730
24808
9060
29038
59360
57064
4388
22218
5675
35357
38720
53066
46132
48870
16570
31628
41485
56938
15622
37147
43505
30630
41372
26244
40093
36098
44688
50052
53299
18518
57938
33893
52696
10030
50643
44898
20795
28063
37192
39377
15667
20082
53045
45949
57580
5809
21581
22840
39125
27696
13591
34721
801
22792
17297
28440
11147
5626
46439
51984
33906
59903
5783
55042
52213
7112
52094
51920
27061
26556
29823
39177
35764
831
25617
26359
29270
46445
47105
12390
44201
18013
22287
52849
11223
34072
51936
8321
57242
45898
17279
18782
38429
42884
21942
38294
4071
24712
53328
30084
55577
56418
41758
17345
17184
12863
37501
36421
54457
17471
46101
6276
56762
52740
39449
17216
24684
27992
22941
54619
4170
24834
1477
36686
56289
37928
31933
50081
41058
25555
58818
6927
33497
26293
18537
5150
11304
12474
38361
58544
9111
11638
34857
31599
21414
10847
15531
51298
1295
26079
56846
14462
57024
43451
28284
43987
41249
33157
25783
19066
27787
19497
51039
19871
6126
58083
31224
37483
47956
22957
46220
24533
35712
56525
39706
21334
27879
12960
33049
26705
14476
46785
39689
49665
35879
25488
19184
10147
19755
30094
13274
41310
51400
44138
51902
58625
30735
49632
47824
33646
32576
6252
30947
38083
13083
28043
57112
7456
3186
55369
47110
20778
15250
36269
10103
34954
24209
27446
2295
31902
33377
41975
44094
44267
31640
29559
46830
12179
24140
56255
51016
53252
5022
46094
19125
35904
26303
44236
4672
14400
34632
43398
10376
1410
31151
32865
17648
17180
57014
566
54933
144
59524
7372
50542
65
1800
50087
11253
26310
1244
31288
17782
20877
26719
46018
51208
58371
33504
17176
23514
44758
3899
37236
26916
10658
9229
40872
45023
35313
27624
9059
49874
43206
105
39130
37556
22443
29744
58378
19466
23823
13668
31023
6252
19523
30233
23433
54934
51925
28808
27715
42659
44179
21444
41497
17411
39702
32868
48814
47738
57775
35313
35068
57520
47434
58162
15857
13612
29634
28732
53749
32499
41923
24042
33042
56505
609
22531
8699
44469
18292
11893
52751
32169
54866
24475
23746
23578
21170
31841
45004
43271
13840
32990
53742
2078
26214
55792
10408
17911
9674
17595
17979
34114
13572
17022
14529
22524
48371
38045
17527
28668
10353
19829
13382
1933
23996
45396
38648
18714
12134
57604
13780
39534
43190
43452
46885
30758
46403
58998
24024
24539
52003
4295
53587
19705
5146
25206
58192
33620
15083
55600
23459
16336
19481
4620
44105
37625
57770
25047
57438
39143
53802
43010
37759
36063
31024
36699
36103
38825
26352
15650
47629
17390
27685
11305
52190
26712
16017
36960
44263
25326
48953
7543
57752
28376
4537
59244
1833
46421
55755
52300
37319
29840
7303
33949
51405
36264
37659
3009
9855
19540
45878
17165
5697
51776
15499
47440
31601
53354
50014
24791
30468
59851
57273
50027
37141
11118
56887
55988
35138
43333
32304
27755
28975
55265
25916
24338
7836
46199
32496
9660
6063
32576
49641
26143
19656
12717
11718
31273
19260
52027
56603
2077
47236
21984
29784
7096
32757
14888
31969
51501
3465
51757
13407
30587
28206
39389
1096
47384
13405
51833
5819
24266
17808
41392
31053
13334
53270
34477
35032
52765
58857
28661
27367
51340
27811
12687
22206
14111
17114
48164
52670
33985
47236
25266
40481
4216
49454
51755
8865
3071
3109
24273
13288
42725
19
30324
41600
18181
41686
22121
34273
17002
11908
41266
9072
22681
3426
3037
52280
15265
20452
43488
205
45064
311
157
53721
25671
15393
38386
1036
5766
52843
24614
19752
26080
35437
9377
10139
30923
40440
181
49977
22769
43177
4794
10082
35707
26882
2861
47350
23423
12404
36793
51337
44438
36757
47672
14082
29967
28794
48955
38796
58402
55865
22827
9143
39268
52783
28088
57685
52080
41904
46453
27176
36143
11986
6193
51388
21768
59545
27649
57258
54577
5757
33527
12074
9010
28819
20778
32092
28344
9109
33320
21828
27453
37252
39581
51045
3352
52874
13357
51559
796
4702
19838
12059
7500
59148
32684
29276
53694
52886
7127
25708
18525
6569
46152
32342
7238
46063
24356
25593
20065
17852
15478
33372
54724
42554
17299
42410
14343
22388
34478
3577
6783
14708
51108
39722
6363
23422
54936
1734
32304
16852
37123
2358
55592
50712
32083
2744
42931
58181
14670
13935
7462
26581
19120
4547
32973
28973
55776
21776
15059
12974
1497
24931
5645
22942
470
28073
50228
1000
39037
15220
1889
21169
27679
18419
28884
8632
14745
54390
21542
12690
14615
48223
18983
25875
17663
18590
13981
58014
43171
20180
39803
21737
10320
47803
6658
19818
52989
55954
24087
33089
8204
53759
29542
47648
21248
21984
21205
27481
35077
31039
41874
27653
208
4850
41349
33493
6365
29147
4985
7881
14584
36022
24575
21047
10297
16288
6085
7477
13840
40099
2106
22003
28161
7630
45954
8466
8485
8366
25196
27694
37853
6035
3694
6290
42830
12177
52073
33139
49325
51883
35162
51025
42455
2528
15957
35587
53836
4836
12550
4322
15287
8426
13990
58783
42222
43723
55753
44462
20098
13760
19197
57488
29317
42490
27569
7683
13073
27558
5237
43400
23732
20807
31372
1025
22920
21781
35901
51439
13441
11511
40537
36871
46764
20228
7574
3566
44009
10038
9574
38432
21128
59613
25852
52892
55173
17098
46620
15363
1025
7446
56593
748
55524
54818
16659
37156
33058
4204
4855
4966
48744
24717
43965
59240
26611
45769
54886
1737
27287
58585
54822
45967
12503
27512
46181
52113
1137
9220
49526
42690
5539
4877
42538
31597
25122
59535
59696
2288
49342
44212
21196
20465
22312
20357
38816
50493
59480
16114
21826
9733
39652
33462
43969
48244
24484
28888
33745
33579
37903
21689
19233
31743
12934
48528
19067
27362
54463
10195
55161
58110
42977
18309
573
50282
7247
5786
44210
42176
23455
35983
8390
11229
53449
55961
13561
59759
27553
28608
27483
26770
26925
5885
33345
59818
41292
53120
20389
54616
3365
26907
3100
27275
14691
2216
52910
31429
20419
18341
12826
36295
7341
54845
43458
36561
13324
21040
7151
34451
2365
1692
40092
28383
41945
49189
2283
9576
45990
45933
37010
40566
20550
9669
46433
1445
35784
58552
40120
29008
33560
54594
38309
15192
48397
24634
47842
55683
54528
23065
17531
45191
32619
11503
28782
19980
16603
10226
54504
17839
25381
13951
1048
59406
45717
30578
10691
37880
5954
40278
16871
21045
1115
8680
21388
48937
26726
29974
17255
48349
23162
12000
33590
43714
11950
35760
57622
41071
29826
28939
47687
44758
13513
2942
11035
42343
41700
29255
48865
16964
22345
32403
17865
17793
59848
58082
58791
14345
4919
31966
27830
54232
50043
18866
8663
31661
14096
4223
45525
55372
14690
51998
16115
21554
49952
23181
45383
42989
4809
48404
25709
59843
11955
49124
38610
48720
16863
45035
43998
8598
18840
53749
37538
8238
43572
43293
2100
35489
33627
41675
24372
51461
14567
47786
8514
41190
53531
2138
14818
51188
53481
3299
30545
37895
32413
57841
15311
41216
37175
24943
52206
38400
24133
28993
1261
52543
53631
47654
39424
6932
47640
50018
17713
3888
10065
24404
49642
52828
45179
26247
46379
51011
30369
30363
55811
16339
30533
21599
55108
48890
7399
141
46229
32879
49573
13755
13316
40254
53196
11706
12648
2065
36999
51483
7126
49152
57089
7034
55597
36377
57257
46148
42610
6149
519
3067
13407
40315
57211
24104
1681
13908
17685
318
17853
13933
45066
42071
47080
54042
23414
44203
694
52023
28303
55198
58050
56842
11711
51861
39001
17736
58324
13484
4524
16951
55513
35635
43975
35269
22859
29612
23231
33196
45845
55929
26102
4317
12738
58174
28006
6423
51634
15484
4977
15632
46310
38842
21628
39323
19724
17003
57825
10155
39823
52426
27946
56417
31983
11708
17402
26737
51209
28329
23029
40895
58174
37789
26255
2825
12524
33352
23885
45828
27161
1339
36459
17259
8898
26675
53884
48822
25300
54760
33101
47483
54910
55263
8368
36188
5459
10691
35936
14867
30156
16391
13581
14493
20919
4904
1796
56176
10337
5642
40390
29965
28020
17574
29392
25224
12499
3843
36595
35800
21947
58710
13945
52889
42287
37856
19560
46996
30059
11891
8336
53375
55520
1577
859
26230
34180
59665
49166
36810
56895
59940
15508
30566
27116
42867
22467
44981
2077
48846
41902
40051
51406
54918
38933
12754
19831
49491
23117
3738
814
40239
6892
52697
52813
5300
53375
59145
38120
52318
51484
40535
47702
13918
25254
15551
43982
58608
20958
1667
