16948
38455
40635
52088
8836
33034
40777
13795
56212
13953
28850
55118
48735
13137
33432
4084
19384
13130
41601
26108
47457
52940
33644
46743
1090
19667
58982
54239
18152
17924
8999
34402
16691
2772
9224
28739
1706
48801
4186
5852
41832
9504
40527
33309
7297
46900
10495
3368
54920
16737
58222
58435
29185
1284
47338
54632
40111
51386
34223
29324
24901
4257
10775
53433
57447
5218
20724
1441
21694
54138
8129
37543
59882
38900
3158
8372
10011
4188
31015
24173
10518
66
17713
16206
37466
55661
57628
15784
59615
1401
56693
15027
50363
52764
23574
26936
46497
22569
49259
35439
26699
44464
20949
20156
59983
5903
45776
16176
45918
28000
29018
226
33010
6286
3311
55132
46294
29471
19671
51548
19210
3658
21172
30810
48162
28252
631
42165
5937
4027
16543
41373
57404
50765
43618
30573
5331
32108
13473
6728
43135
4375
35185
30890
13926
44429
16116
56769
51055
43456
57364
54064
55553
40615
9943
47701
10853
27828
17799
7844
55314
56997
30701
7134
53027
30169
8279
14304
11266
55619
12803
19076
54081
21548
44997
40182
31311
44704
24259
39186
35666
45982
47628
52782
32911
2797
31577
43968
16422
12314
17009
25717
44541
25545
12218
48729
52394
35743
31861
45431
52237
15450
28559
25994
28324
55627
51209
48962
38741
39760
8868
53354
37721
45472
42807
22469
6301
42854
4629
15373
18003
28948
27196
52687
12774
19228
17159
38574
28912
53251
26389
35132
24719
23085
2162
40956
17560
30445
20200
53910
10094
37440
19942
54815
51167
28589
915
39907
23235
24094
14892
15765
10252
19260
17869
52165
10967
37973
40529
51562
5708
29240
36862
10889
49072
33935
43281
732
22190
4859
56517
46926
33540
37132
56459
13364
10326
51233
519
60000
31702
42761
5326
24711
37395
15097
50824
40149
35195
35170
49292
3956
18932
32150
13796
57758
20437
3183
6006
19900
18616
38384
57405
48333
30818
21600
8680
622
25283
26446
31362
7434
20179
33593
2267
10525
46357
12063
17951
51318
1461
37629
14630
55993
3359
9125
27083
17820
36129
43759
6764
1686
32312
11039
59034
41101
8246
9696
34866
13409
38904
55599
37527
21584
42716
27318
33566
25894
35914
36790
41705
20135
27409
10776
59736
19368
48844
42839
26965
38155
30484
9010
29663
56309
36757
20085
56262
35863
18812
17367
15562
36975
20099
18944
36388
36598
42765
36481
35367
2454
59979
12376
28455
30416
59947
10019
11311
45115
2644
13629
47167
2742
55078
33426
52233
55501
49221
55549
57943
43575
7578
22335
45752
49873
77
9388
410
49905
7614
48834
56983
59027
12528
47397
31145
44772
27342
40427
52981
25612
39377
30593
47948
7630
10034
54359
2680
6597
13722
35232
42175
13300
1482
34699
32746
28932
13454
9544
13827
948
1606
15630
29502
9821
27225
47584
19668
55414
39779
18534
56535
20727
11863
39409
42147
34379
5941
13777
53945
39158
13271
25035
47425
47457
14424
25570
47836
58477
54839
45421
32677
18925
409
10117
20879
29056
44374
21101
47364
59164
57206
9407
47486
27799
54599
38337
18429
27414
6146
29706
58496
29524
38471
13832
58940
11031
14488
32762
52909
26191
55988
41005
30455
40536
16501
13074
1290
54200
59185
49309
14080
10755
23863
23254
56012
25079
27402
55537
13429
16589
33401
41855
8788
5446
27946
24780
58665
42661
55192
50714
39779
16871
32017
26412
40906
20978
34911
59274
41422
3866
47196
15000
48258
4687
35509
34859
29492
39824
43312
23338
38684
34895
34188
43050
45667
11849
48427
6797
23660
9582
51982
17537
56881
13905
32132
33767
32579
21291
59243
49753
26000
32420
38589
54702
45252
23950
8024
23214
43077
21431
35335
17108
37675
42327
25064
21156
35896
31395
10119
5958
42238
23154
25940
27682
10871
33540
20743
22388
33727
44423
22750
41803
58923
34596
44506
24799
37614
7556
48046
16644
34642
2503
10421
2272
835
15539
31072
20
28717
12580
19128
44020
32954
11165
26157
20093
57653
13521
21667
17735
35246
20421
446
43407
55972
21724
55160
1613
3387
51814
40162
36474
55022
12616
7355
1248
6401
14521
56511
18091
37290
4855
22136
24599
24652
30699
52871
51522
42415
45107
8697
14471
26235
56809
25471
18923
37357
59402
44133
16666
8960
37555
18522
49741
42238
2625
22939
6336
54685
17867
13487
22541
17409
33927
57585
37122
53608
12458
10571
42558
53724
40754
26167
42570
32018
35782
6413
44597
14861
59302
56195
35292
23906
20806
54762
53593
47354
14371
56422
23323
29917
49510
14917
14047
52566
20103
1301
1647
10819
37836
40950
24154
17640
11067
41869
29245
34525
48529
24795
9810
31817
6651
10251
16253
23778
45481
4403
32779
529
35726
21658
22850
11523
7940
29478
23737
20590
39432
29515
43593
6737
56546
36473
17016
38690
7713
3189
12644
42618
23569
11839
11271
30144
5345
23287
32398
33806
57912
20940
9366
8832
14375
31781
705
3872
16702
26342
57990
27472
50368
33363
17718
33501
45731
18705
59839
37974
10192
29333
18788
5744
20089
55293
3086
50319
48411
47879
27966
46181
41592
32802
13777
58005
50000
4985
37465
58793
15647
46193
44493
7513
27819
3734
13109
29127
51083
37405
55953
16599
59317
39097
49885
31728
37060
11473
51853
30354
10033
36723
9045
54913
31371
1765
46937
4091
1489
38477
56134
51134
33444
44791
2655
18183
57946
33060
11461
34406
12224
40047
26372
49298
41121
47807
20122
414
51118
58114
39201
7556
33977
30499
10302
54416
48219
16152
41374
58682
23487
59284
36892
45072
12259
48871
57081
52616
21037
19951
35258
30795
1306
58109
2848
49401
26634
24172
16877
32605
50857
26081
49281
9222
21005
10225
760
23010
8993
16649
28415
41117
6088
41951
56352
37868
12291
33338
49987
12040
31014
40742
1674
7502
41803
34227
5154
973
48805
28161
12605
38393
49908
38660
4900
40693
57789
51579
27499
36660
40705
59671
56524
8611
21813
20212
17440
16408
9020
37981
49026
13103
8235
48712
2565
42669
1193
59821
4274
42595
6073
44537
10090
50219
2118
15392
58282
56090
21723
5380
27667
46593
3699
11452
34856
9362
18914
38628
55942
29260
27009
1476
29416
45051
27574
53460
27617
21650
32906
36105
13335
18789
14255
36487
58442
26211
46725
20354
22421
5064
3507
37276
22281
30732
58785
4392
17308
26234
49574
21174
31251
8545
54881
51599
55653
16592
4713
14168
49007
35036
8980
5605
17948
16523
36386
44529
39431
34536
10327
49054
22379
18524
33716
18574
50704
38619
27620
34410
37084
12247
32755
9260
32888
7937
39201
31155
37239
5153
38558
1616
29902
1427
39225
8029
57621
56039
48764
25049
402
24924
31383
12444
42747
54342
25373
21148
9745
8378
57277
18169
23931
56044
24193
33358
49977
49674
14009
47255
47290
23616
39230
3528
25902
40981
51755
34595
25758
958
10569
9018
6337
25721
11677
19812
55834
3582
27959
54757
10926
14879
15026
20093
54219
10905
48393
39538
50665
24005
44449
11237
55685
51854
4828
32103
15780
14233
57265
10913
43696
49892
50644
6923
56558
3167
27717
53903
55630
41145
46102
6609
1961
44197
13274
58842
15286
34884
15453
30791
22626
26106
34384
50867
24324
22310
20333
2645
59612
53836
49122
9625
54052
51545
53682
16095
1628
26536
9392
648
47355
37311
56465
58240
14031
27771
56402
29429
2315
33548
23209
6720
32874
47178
28789
25047
9904
42775
57524
53340
56985
288
6705
1837
30073
24456
46814
6905
55440
32781
18356
39730
35179
57548
18987
43716
39756
7236
13909
6244
21853
18167
59037
1229
30066
15592
49917
53841
52389
52196
9540
42478
18806
33099
13891
56774
36531
55997
57872
30635
45622
23521
9936
53004
52723
22455
50250
1212
6497
35888
33117
11914
30108
56502
29585
42359
49076
49608
12206
31602
47807
57326
36711
15203
10864
36880
9702
38558
56126
26538
51631
23011
15430
10129
26611
55376
33138
4519
34664
57362
47874
47420
26283
54402
3202
53897
27847
27818
11120
31936
27988
57634
47169
55361
49186
48008
51510
13154
49893
8094
16511
24204
34173
23230
42307
56621
25908
34169
50964
54415
7229
5711
16630
43882
40183
5138
27491
38987
5980
14420
20157
13589
54142
45112
55972
32244
38874
24363
56332
57187
33643
49731
13037
14886
48307
10115
41610
12477
23641
36798
46392
49959
54718
36486
8489
16385
56226
50205
26693
26610
50395
11707
21594
24212
28746
41737
13181
49779
2844
22965
35304
58494
54129
11004
53421
13679
49702
5999
12028
56871
19495
17815
25834
43422
42951
43200
52656
24388
41910
31639
37647
12521
54601
24429
13705
23659
43976
20353
15395
11020
7998
29668
56396
19029
13228
6950
12285
10640
48903
44745
24457
2214
24759
8507
57114
23130
605
30437
13590
14898
58025
23759
40071
42146
37501
26336
6495
6258
29131
42873
50908
47476
20548
16585
50642
2686
43866
24893
14930
32518
9624
53661
26951
29257
8192
10829
46764
58731
26238
58073
53470
41981
11708
49088
52632
42487
56879
35843
33096
34340
28776
14713
20370
12274
56703
54118
12931
20518
16953
2557
33147
59166
37083
16272
22001
47174
15796
1921
29874
53256
13934
10637
22323
19632
59849
33090
34187
2564
39665
50160
55664
4130
40183
18381
18674
22500
18525
2717
46015
31565
21508
34349
25274
36545
58499
49552
56347
9113
16490
52811
43961
45205
41086
30555
46680
31965
11592
7657
14680
36039
7206
25891
49146
10655
24257
32356
27906
4429
54511
56822
52071
35752
29006
13397
4512
22823
32652
1578
35903
55262
39252
54926
4931
42512
25731
25275
9369
368
38553
20416
23792
58899
4977
29712
38484
18274
15557
51702
14784
40103
1826
49857
11047
18040
46504
8635
47370
46374
39864
9031
55944
38836
42993
46799
53955
28778
49942
45474
8435
27044
19935
43171
42211
52101
59716
26694
7260
49590
9766
14523
57273
35527
4463
39296
8220
6944
8187
15616
53385
45678
46144
31306
2342
18304
42147
4945
52477
12502
59138
56531
34175
5665
38411
19691
6027
56754
37083
58628
51915
17979
54437
12590
6472
25733
1682
52664
18317
37210
25094
36082
49239
52215
51581
10014
27178
13477
21575
681
28313
1885
811
18015
26466
52046
31661
55213
51655
35741
26920
36441
27307
37045
58407
28038
55314
44223
2067
53358
33065
23842
5455
3368
51368
29824
45537
4370
28284
55434
14151
53124
15814
25034
33631
1248
30549
38448
22441
25699
43045
13515
55184
40631
10677
10730
21231
28458
2609
24614
35243
37072
31957
28846
23052
46035
20202
35893
47941
25487
33184
22043
26949
29186
4261
17990
30759
47854
25234
34154
38283
35869
53673
37396
28338
20136
5581
24543
50899
34433
54232
35153
34460
50645
40925
21900
43715
35603
14068
41767
56036
42388
31712
4818
18953
19171
42406
30945
21042
52098
43980
40641
19197
41631
12405
106
41925
43064
6870
51095
44244
44035
2005
37932
7929
31996
37276
9036
28941
56517
34550
49982
18553
57823
10781
54955
35131
27599
56778
22158
52491
15762
50836
15356
21509
40030
39776
10697
57863
34253
42803
24308
15942
52390
48298
58874
53577
51949
17439
10302
40416
8589
46123
36033
43150
58264
26718
15814
22836
10849
12206
32008
29899
8655
41937
14586
23778
26924
29446
23178
15145
53567
56016
10123
57551
58663
22194
10703
45089
30677
18781
36565
39595
57150
1360
3905
20362
20949
42359
50245
19922
29391
55656
46905
20986
29382
23920
35051
35760
42946
31856
59228
58648
4603
2655
42294
10803
42779
8257
42705
59443
37302
19887
5427
43810
47058
2430
50441
55505
1556
2195
48653
24916
21235
40752
6723
14444
18625
49089
35845
1547
42560
39961
14902
54941
33372
29751
52232
59556
37440
35889
4937
55287
18322
31219
26932
17674
47658
36908
10945
8349
204
30009
23174
45001
4596
7731
11273
8209
31337
1499
17615
48662
17001
19000
35356
51162
2398
33863
27149
15336
57768
10342
29401
48777
15094
17788
30328
35692
55895
54367
25404
27596
50278
36201
37918
18218
15583
15228
2944
29973
52055
2790
19913
41399
49906
51153
16769
57288
7706
5138
5694
14732
8281
52387
41124
33623
29742
32469
34340
48376
6727
5480
863
43181
55167
30138
54750
18398
34488
19006
4406
5488
19291
36838
54143
54546
24533
47
16038
7968
2053
22334
14317
45752
36607
22604
56938
4683
53473
49341
57583
44781
3641
1316
51866
51279
3084
3462
51216
6002
57981
31232
19278
22223
38685
1186
57513
41858
4627
22231
39021
36466
47103
32908
8783
28078
21767
32611
30204
376
22198
2462
50825
49765
34153
29967
56409
7966
38734
45127
4611
7999
52647
19184
13309
11109
9815
458
50861
494
2259
57702
28711
13962
40281
55745
5392
50410
5146
8081
41425
10853
56538
52188
15923
52974
49011
19226
16100
14283
54276
58487
48483
13626
50239
55305
48154
15283
17355
56694
19184
16266
26507
29
28607
11142
42487
18080
20331
21455
53416
33996
29183
25334
35990
52358
50417
6428
43978
51088
1539
36706
23137
20848
12578
46095
22667
42920
40572
59455
49192
47077
29074
57608
18842
20929
57839
25915
34569
852
44668
9277
35467
17326
1830
5484
48325
2039
51641
27975
3848
42549
8317
32840
34793
8591
47010
28599
32688
35542
32193
186
34969
31662
51320
20625
38037
44309
20266
27452
10249
10506
23273
13588
33732
2001
18405
10104
54781
45288
35644
59523
46391
46015
53726
54421
26243
51515
22120
33128
27735
45804
28522
39933
23316
10420
43559
30053
17147
31748
47363
22531
40282
29005
16795
39937
10152
36000
607
42096
24385
33471
3127
9412
4784
13575
50532
56797
2661
22297
11393
2250
10632
16294
10824
47980
24880
3779
29128
56579
21114
25983
39640
1959
809
33077
9496
22278
14285
44782
12349
29600
5075
44543
42238
49032
16753
26201
53476
52701
6516
16995
25225
14186
14890
35457
15403
30911
53884
4159
5873
17829
19275
42643
41298
18080
33370
53665
31893
42734
31271
31590
50829
16403
44340
50485
16116
33543
24943
4457
50450
59849
36105
52798
42297
37613
12049
43939
13031
30197
13193
10057
38611
54046
22916
34421
53152
42349
28595
47498
21209
45821
55757
9736
50521
33316
18214
45821
23008
47648
3866
48909
23891
18113
53816
47819
4809
38746
1722
27166
30305
46289
56848
39893
6657
15851
56732
47831
51847
48529
44181
13105
21387
43479
43688
2095
9196
34853
58520
43181
55385
38012
55194
38540
26491
50332
18282
6999
49352
39994
21498
53815
53866
38617
6230
28910
30118
8173
47714
23491
43884
10013
10314
48281
4591
36129
737
11149
15073
19961
48776
30269
57663
42234
27777
31476
16511
52709
5236
40713
20574
47015
54559
16398
29566
13241
19778
20644
354
27382
21795
2923
57579
16937
19890
13766
30583
59326
33803
19441
13153
30209
3909
39037
42156
14937
32946
42135
25301
38382
35210
19913
55818
52257
40418
43676
47826
21704
3879
347
13630
41641
21839
29610
43560
14635
53372
56177
55550
41640
37134
7627
34996
56327
608
58069
56344
53858
660
37296
59350
13604
12954
49152
29512
28411
34076
8695
43086
1428
39659
34143
3775
5530
27886
47420
13435
56808
4599
12508
35000
36092
20808
43772
23578
34969
12940
7347
28729
3278
56449
7377
41358
35176
22218
45449
20324
48992
634
44872
26761
35199
2457
16240
53338
39850
43375
23850
12155
41928
20414
25585
59751
19675
56882
33716
44783
16133
853
6059
8776
44777
39310
12010
18514
3530
39151
2699
52590
55927
23615
16593
39615
16600
33258
59789
7749
18331
37998
59580
32629
28527
40761
29249
25728
37232
1809
11673
3405
54257
23683
21631
43324
4196
12965
35240
5781
53298
43711
22413
52408
44301
41715
32091
39332
32260
13519
50390
2200
10294
7736
5428
9090
51471
14923
9069
13739
24915
39647
58287
54674
56080
26387
12535
17118
17326
41210
9019
30765
49916
18981
55733
59630
28804
20479
34280
37208
7987
20228
15301
30542
58148
29410
36054
7791
2558
10454
31756
2772
33846
54596
16557
2314
25886
35058
23839
50243
45989
14378
24620
35060
46079
5955
42530
32826
17182
11834
47841
2528
12955
4888
54987
52625
57888
57358
12342
41775
30188
29834
14522
44671
41046
8563
29295
28143
37627
8099
35970
51848
37818
18746
46007
37769
45678
15861
23968
49706
11263
57670
57637
18150
13810
27221
55954
1256
55010
47630
34838
8153
53953
25221
3793
26253
21172
43834
5453
2434
48761
35492
31492
7569
20346
11617
42319
11280
49897
23101
31733
5950
26460
52761
11230
59275
29818
41448
34157
3015
28350
46907
35972
11250
3921
3487
27356
34916
46068
19163
21714
47543
59034
34556
30613
25292
8113
7464
24111
23078
24565
3247
53199
3732
19220
50610
49690
32731
51895
20306
55902
50928
48006
8315
40715
54192
28677
52907
47154
7432
50089
21158
3415
50569
37760
31289
4722
26598
46496
30498
41896
48522
33349
9225
16849
30396
28223
23459
49541
21987
38455
45477
17791
9900
37569
10048
38013
23608
52550
27272
30970
16251
11535
51545
52688
8644
21973
40563
24529
44305
49764
25980
45052
54829
4725
56151
27952
2730
23038
768
41586
47861
52892
18684
30203
13359
41722
7699
58797
8606
25311
11972
3073
44780
34567
53144
36431
45879
41073
6078
34611
38626
1728
30520
10441
15892
24751
40651
30825
25943
38027
24586
33220
59209
51519
49711
31322
40037
55354
25532
4661
54988
975
29734
3451
40064
42156
19924
21347
47418
34589
33452
14552
58328
43672
12643
59429
23758
33690
21290
30282
28342
26627
30624
37735
35885
13163
10757
3820
45761
42412
34119
13171
26458
17783
18425
52637
36315
48915
30859
563
25157
46900
40433
8148
35931
46622
28425
2917
6392
31837
5899
54518
25659
7801
34414
4426
51710
40751
54805
27120
48920
36883
5389
6906
22146
9169
52674
5185
51659
16678
39417
50282
1817
20363
21854
59827
37840
43473
9964
23810
56794
34924
55599
40182
10100
58509
20543
44099
38076
31985
14157
11224
24024
1043
42118
29381
59768
36159
41443
38663
22269
50201
15500
41504
20669
41598
22170
5808
6720
31690
34074
15372
17349
35787
26945
3156
2467
40369
53456
35762
36020
48687
23267
31863
19409
2
1721
46275
16150
52580
52886
15203
49535
34767
59152
12642
33124
8088
13299
10089
48084
55423
1487
22501
26405
51205
27617
28219
34095
399
41799
51340
27901
57220
54501
14183
10733
23298
36350
50737
12431
28688
31266
19676
17196
29869
6315
43100
23025
54219
37385
45932
49217
41969
34903
2729
52739
13769
20634
13219
1156
23243
12706
2150
32917
15354
51423
23107
37379
27242
41355
18753
7027
8801
49244
50353
39055
27321
27824
29274
53156
7223
46127
11176
27330
37897
20126
40975
50456
56593
36561
1998
44621
36099
37634
45572
27531
49801
42357
58752
5085
36178
18190
23137
26722
56159
1517
4641
55560
14476
6819
1314
42435
55803
37471
23714
11227
38649
11315
48670
32792
33260
28589
4702
6623
5100
19738
37737
42781
47494
59882
5231
25588
1982
47040
13934
32346
55566
4939
54415
19185
53976
10430
22264
32307
20390
46167
23167
58551
18995
36643
29561
5889
6342
34180
55196
44878
26480
40708
40094
34633
1788
13135
48019
3244
24047
5650
24470
6176
52813
41760
15816
20020
32997
46339
33159
48403
19884
2499
36180
38638
48677
50298
31959
17828
32423
21557
54179
21777
56969
17895
48604
28358
31319
33508
33727
28395
32764
42561
15482
35610
48107
55838
22264
32568
55333
30027
42869
30407
46214
58909
32413
37678
57013
58367
58137
31181
47955
31881
51707
36962
56362
15871
19740
58735
18172
3604
41070
2196
42205
41210
55667
30589
7733
19020
27441
13004
48005
573
30454
48728
5948
32788
10580
30146
54809
17383
1678
31702
46131
56449
14431
8142
42078
41776
43883
15315
19730
57650
24246
16393
33803
55924
41052
55235
31343
29577
3688
55060
16435
25123
56689
44147
59059
20701
21138
21451
2540
57359
16908
40556
45194
19880
32746
29177
48100
40757
46118
28697
45939
7421
18505
39430
25599
476
22287
11566
8961
5177
37428
1811
42211
50180
23591
36847
26467
2794
50242
32356
10735
31350
33616
10526
59234
4273
8592
53465
35651
59436
48441
51369
20311
18460
23899
34287
45091
36789
41599
21549
48611
8649
46110
26711
51543
43459
57308
43714
21971
38902
55499
20437
56509
5996
5515
12899
44920
46461
58754
38828
28396
57669
900
51592
4540
39110
43954
44589
13432
36675
43183
21837
50454
2605
44096
55882
19754
34666
25080
58657
23444
16543
8195
21740
43108
55628
40112
46881
16174
22293
56060
51065
23967
5070
59295
23753
59596
58638
46421
18837
59274
3569
52470
29146
6632
16422
31898
49787
41429
48624
58832
34153
5701
22268
18427
6352
27378
51611
45689
35595
46219
546
53074
13353
32701
1991
53602
31740
43311
20918
29382
36795
3469
55934
18493
44772
2580
285
59961
25094
5535
53326
25921
9914
53794
58391
53392
22121
6760
55222
48176
39345
573
52947
35265
54853
28941
21059
6557
36965
48130
44234
11978
30849
9786
16071
16078
26870
50205
51422
58746
17706
13653
12237
14370
15091
38122
44460
24168
56562
35813
26867
33227
14835
24495
52168
57922
3766
2143
32147
40104
48373
44670
31025
148
48262
6333
34657
4631
29698
10145
49629
18568
19936
47193
3452
29677
29709
41717
1385
57226
7536
46457
34664
10780
38184
9385
11027
25328
768
38664
57700
13397
25194
4257
22043
9724
14305
11892
27979
48780
56218
38455
40248
8347
33929
25601
44275
28443
50970
35225
21471
14794
41718
8900
55005
19152
8875
31943
20740
36238
41091
44982
1237
45318
50258
12818
27603
19919
2687
42070
7915
6582
56047
12048
20659
23624
29011
863
18853
4392
9422
41827
6651
26927
35672
6828
48265
26848
2481
2771
32492
33292
28595
20212
22035
54248
24708
25322
18346
40859
51392
7394
221
18866
44645
17643
31678
59560
53492
49251
7354
18510
21736
28225
23331
36111
21382
10557
1981
16577
15894
52379
18282
38291
26627
19906
38858
55628
39592
48365
29869
5658
12045
16269
35502
54382
2631
37073
8636
25126
48956
59649
38596
52017
29329
58257
15030
13538
46642
3675
43783
44216
56603
23115
44266
52502
53130
40985
17293
44
56451
35219
37343
23651
6686
21489
52017
20066
13311
16072
4256
18624
11114
29231
50650
33169
23714
51090
1042
23808
27147
35923
26956
43789
50222
35884
34128
2866
14290
33337
39648
48955
38391
17598
9995
19932
50832
48267
43263
31642
52604
41899
12104
18175
31056
9517
1838
39759
58826
53724
8841
21810
15255
54796
10656
3503
11000
42026
27932
34099
57670
8814
1060
58347
627
37353
4381
7633
3165
29712
17347
49723
24595
28099
18123
524
34644
17976
37476
41234
25194
47742
49384
47955
43727
37933
59087
58135
40830
20195
50753
7774
4346
9663
23998
40882
2437
28781
7561
46282
47827
17145
37575
35573
23981
7911
30006
22192
3598
7419
24813
11841
36647
3519
50551
14621
59619
30623
54565
32086
46404
24627
4020
23606
20095
1171
58275
52894
28474
47146
9722
29488
51598
1307
37075
8155
6861
7934
11217
17346
47497
49809
57117
42090
52095
29116
32816
32488
32353
46484
29670
20618
58155
11841
16963
46820
20056
12168
56333
27761
46117
12663
25030
39512
32522
54184
45953
5689
24541
37962
24343
25413
5937
58962
11003
1691
20580
2540
27243
33489
17409
243
5601
20869
45480
26417
45435
28045
19600
39550
38841
31855
48658
37769
30675
30960
48709
26314
50513
35415
37504
26166
22964
26702
37887
17152
28019
39466
9314
32865
44601
53544
52475
38083
45602
1711
2682
47847
52990
43076
15357
50870
13607
27216
39486
8959
25263
35310
19161
1566
25832
645
36308
59780
928
1937
38784
54284
33422
9951
33667
32264
41500
36213
20644
34687
27194
31690
15298
37762
2892
54148
55935
17508
11546
23640
430
30422
51599
51293
44128
13710
42532
3065
50967
29160
5737
10339
4054
20936
32425
9821
56018
35641
51258
45189
19963
24131
28030
18805
54131
22485
30146
23864
31393
52745
31684
10618
15432
48643
59834
18149
36589
48435
32616
31499
18583
16842
14574
17349
23039
3981
23916
35589
35807
34740
38620
14436
3538
156
17592
27185
4910
21895
40727
16351
37930
36917
36355
4230
43555
29396
19284
49487
46970
50826
45448
52065
49384
32437
6571
43495
59997
7586
44116
40316
40668
44140
423
23593
27593
21526
12291
34072
58288
51501
18187
20296
42856
46007
2090
58059
27950
13340
31440
38169
10787
34643
28656
36843
16384
27994
32208
31743
40079
37043
57774
5041
22294
12850
12360
37580
6118
19143
51797
52838
26197
16675
56334
51994
11806
20520
24100
54874
35827
28644
25910
1553
42270
25524
19394
14535
27718
2006
38813
34276
15358
22297
29778
57054
27924
663
43612
26847
983
17324
7323
20405
13213
23640
49980
51269
53645
46395
10665
28775
18063
37912
31463
47705
34982
18503
38260
58259
50899
42169
1882
34292
10961
24470
52000
38075
46271
26071
21139
40756
26156
1381
47340
8707
28806
53955
42502
56413
15365
13571
12316
7954
17139
33465
39325
50752
26043
38691
52756
52737
26709
47667
22843
43437
44821
32879
15549
13966
18329
58507
32747
7960
54240
10635
19964
14966
43252
12634
26940
55663
37436
55984
22281
15154
41472
56371
59676
34826
7772
55092
51844
57733
33346
1243
16291
53735
36420
15425
47227
53070
12854
52322
20396
31189
34388
2555
1553
16332
33362
26984
28053
17731
998
23875
1333
16301
43819
24694
40508
5053
31541
10442
42842
28005
5533
28177
48277
5949
43222
55235
5186
59608
32928
25794
15606
12048
59156
55586
4010
48437
45975
28645
2378
52703
45216
45549
20417
25613
48702
19633
37195
25780
48847
669
29014
19965
21134
47542
28557
7922
55349
28192
11359
37421
19358
40066
24852
24144
35327
9287
54887
54871
9490
37515
25083
49276
44603
1547
42058
55775
24218
47371
49245
37869
59713
21011
8098
41078
46052
13308
34176
47127
29263
943
16165
34364
51595
6993
57542
2025
50476
17524
5947
10295
5004
49926
5788
51834
4285
14275
3496
40
1812
37102
26405
40618
10198
10010
19107
53463
1102
16651
54684
30482
14533
36553
977
36834
35141
45749
12205
59716
42474
21368
54262
24339
2076
23540
42838
57459
41507
53335
41323
24184
9355
20109
48670
29253
15054
21355
26197
2190
34953
37010
12471
14701
33885
24964
32122
45611
2128
21094
46421
37100
31419
19915
29568
55370
55232
53820
9941
2193
44900
3994
38945
26248
23885
47012
50570
5230
51995
52144
12691
14184
44559
53553
24444
6554
25918
29796
56111
50803
27088
11134
4607
18794
1383
10111
52547
48348
33883
23318
45210
1105
22487
18821
41609
39500
8100
49804
25762
15547
30412
5793
35885
25140
14014
14950
26300
4413
51072
10490
51220
38816
956
37504
37165
24858
46092
35529
57243
19870
15459
1984
53446
44550
24962
49826
59553
8811
10151
5310
31805
54711
45145
38711
39284
23995
52863
32593
42211
33781
57034
18661
21609
39817
45616
45456
48566
50963
6190
22090
3472
48374
3192
22039
39388
51920
31051
5809
14182
59800
39
53194
15764
35832
52821
4516
28723
59940
25757
37673
30420
12944
25289
35031
41315
32111
20730
10003
13185
21885
4976
33115
43519
19956
27948
35580
43799
26044
14986
29864
15617
41255
49
32125
41768
8837
2790
48066
7032
50473
18095
7910
52813
17612
35179
32622
50734
20607
17013
8118
37429
55272
231
47904
52650
40624
38058
31186
5641
36519
17891
11640
38154
31481
8103
40486
33022
42040
34734
5138
46405
43058
56881
23729
51213
38634
39321
18235
41558
43554
41659
7918
45522
2072
16517
6623
10973
26139
38065
56170
11133
10261
13339
40464
36264
26706
50733
42486
39981
1520
53997
42766
47554
4484
49175
1401
54585
32083
5762
40594
3891
43222
23172
24122
17591
30422
6169
37522
52447
7403
47102
16618
56232
36258
20023
34573
23812
48137
16578
5543
9709
33778
41234
38547
11921
46293
36692
9341
30958
17203
18136
55890
56546
22723
49793
18683
12027
24680
25159
52837
13790
46864
11050
32803
7345
8238
39495
54366
10276
59590
51445
12592
11866
5713
697
852
19835
48879
56961
16867
6253
29199
10157
52752
30269
37532
29662
28334
7095
11092
17849
54586
36631
1298
38828
20533
22392
3951
35777
4642
5330
2141
45825
18114
1918
46738
53534
42146
22893
38572
56287
31342
48345
40111
17393
38228
31180
9632
25220
14894
16033
59959
2243
28149
53016
53570
23208
34360
32055
34199
10752
1050
57668
48922
37153
57933
774
7489
17252
53365
4053
29676
54684
53156
6835
53459
18599
6595
19722
58530
36200
59903
10222
34734
30220
7689
26125
26614
5876
24124
20125
9171
1129
14036
35362
14069
51928
20800
12504
41353
28422
22576
13280
12187
28634
53451
22107
4510
34694
23778
40891
58004
26862
22082
11815
3221
51530
24670
36414
35834
6468
38736
7290
29028
25827
16602
15299
2445
7260
18787
5156
38139
31282
49125
31425
20756
55958
28570
57437
11297
10907
22756
31680
47312
54996
26541
12928
53216
18905
12896
8149
27154
12317
22261
21325
23507
53575
44735
8678
57005
16686
37221
32210
47701
10593
29095
20527
30781
50816
22659
31765
19540
38357
21904
23062
21818
53604
1892
57612
34862
55038
41684
38046
45949
27046
22175
47753
44921
17215
42494
23587
35433
39073
29088
46019
59584
2082
54436
34366
49891
38480
3721
21295
52161
24495
37077
55373
33147
42943
34210
43126
21465
23902
30755
32478
40569
8796
21398
26832
12071
49246
25494
2477
2974
38168
24175
13616
39718
56988
37293
10142
47355
48226
18939
58637
25521
51980
31892
33656
36037
14314
29677
26996
9700
28198
6133
18561
15243
22369
22681
44469
11380
24813
5117
54019
6676
20513
49456
26156
36956
7549
59465
44744
32653
9548
32182
38934
48632
7759
49004
59606
11797
42491
11148
9843
17805
29381
47469
8139
26326
39122
49703
15376
53509
52285
24895
51098
18776
51644
53804
57070
15410
31169
52245
25299
8246
51760
21292
7242
33572
19558
13805
31667
56714
21911
765
38249
55659
15007
34262
34088
10873
32950
36767
28230
32782
32156
37023
41481
32435
27647
6075
53209
31419
51484
39459
50122
42924
9735
17435
26187
3394
37115
39560
41691
33815
28909
8303
4270
47456
21766
17618
57103
26724
2754
26206
7268
4128
55386
48197
27263
57274
23159
2662
9661
33828
32500
59523
1053
8144
17414
39525
51445
3182
24258
49041
45876
26410
38878
51567
50835
33591
50546
41887
8177
15640
34865
23801
48049
56324
43274
13556
41601
492
38873
58123
49790
13370
37634
8474
6645
31866
36053
30964
13023
43466
47204
31204
59674
17225
1782
22629
24972
53012
23154
11475
1216
11499
56546
29155
44192
42605
9864
19961
34128
12153
21708
35770
41073
55084
16291
2684
5628
20295
31660
378
560
16475
52330
47628
38079
56983
5660
39970
1044
52994
609
20078
6141
40550
35254
20293
46875
37164
31022
52265
11029
22213
32903
39339
27810
3575
17986
10673
46868
35520
10728
50471
49669
18527
55947
55007
41777
42423
24126
48884
59342
25407
40878
32478
39533
25452
45346
52242
1946
1613
58059
42806
12761
15735
58904
28604
32025
57113
11266
10041
24779
11040
6321
55733
55060
24661
9751
29364
35974
5439
49101
447
46812
10069
34319
14147
16005
21702
16500
30519
50729
43991
13563
11768
43820
48421
3085
26667
15169
47230
24887
36563
43373
19160
3899
41756
34575
16037
36557
42678
1337
11805
20083
35070
28631
13323
22478
35808
7002
57123
43537
53900
48632
36280
10214
35500
34624
55781
13164
33670
9788
38139
3313
30295
6205
31524
39137
19582
40706
30366
6304
13914
41588
36095
25199
40099
50714
7608
55084
24756
43311
30589
56037
26709
56526
23199
44473
21214
49969
30793
57046
18640
57643
56504
41022
53309
15073
47773
37407
2576
5584
7580
50963
41247
1937
8999
29359
2547
17972
18803
22996
46451
45920
45842
8434
10048
5595
55611
13715
54918
21229
16860
32154
1119
30188
57321
12629
28247
28592
14092
13404
49545
31281
10674
58030
15400
9936
38008
2030
5054
51355
36815
4610
2384
45064
21762
5599
29460
46180
36047
3617
41462
25559
58632
41832
28837
18258
48350
41525
46769
3164
44766
1989
31494
40595
9459
47467
2515
59607
24580
51169
35814
789
10207
50775
40212
47745
36742
32939
32776
43716
13902
30812
9450
55639
10364
19471
45808
42683
39767
2788
271
9281
47340
48
56201
34083
27999
53094
58744
32868
34049
58030
10111
21916
25888
53044
10793
48941
4508
13712
43461
50392
37472
27325
9529
49277
21492
3242
56903
39524
9958
28177
38023
2039
22877
53815
52087
14144
33785
45277
17950
12897
7376
32128
19238
20260
21400
50473
864
57029
34851
37983
34545
34563
57375
27930
17990
53803
19937
54677
2695
924
24172
25166
51909
48237
29616
36163
58612
36862
52834
31583
1717
44260
25101
46890
375
4106
12506
3005
38432
19194
41300
47737
52586
46
7498
16064
44604
10613
34637
37616
22406
37245
33609
20600
15677
7836
28839
18924
50829
44983
37253
36184
12810
39182
16527
39974
5077
7217
56990
11317
57432
35771
207
32287
23356
58917
44183
38776
7359
50875
50139
43033
27939
14139
57108
23701
29577
42341
37027
29621
21004
33615
58890
53461
35438
21121
13043
34247
17567
58051
5209
30568
11696
39882
21277
55687
48651
51253
38786
10760
24481
5933
5512
35577
53298
58675
7829
3521
21874
40285
28719
18201
32406
40234
48220
14111
36909
8826
43069
55183
13102
45062
2134
59156
29370
25849
42740
46272
54932
54200
29867
8479
16982
33389
21980
29296
3432
41480
15415
17404
51260
57956
3271
10284
15970
39026
54157
3679
19489
41787
22889
23412
39153
57517
53721
20984
47702
41861
44615
11008
6400
59896
54922
20780
31899
20465
25668
12583
53659
31363
57646
58757
57748
10207
26345
45379
54184
34528
54517
18497
21613
7419
52956
22069
13630
44670
3450
14544
23821
12676
38931
34332
13829
12486
48336
55518
26576
53687
30797
23380
6308
25789
55773
11182
19415
37476
56999
1835
40520
59595
22181
31268
14280
50758
52247
17732
58060
31685
36522
54566
58712
19982
49833
41226
45773
35765
16588
21356
21945
35282
10827
50575
51305
56360
26701
23625
52698
2687
19112
30581
35248
6075
6191
47694
16351
51860
43339
10512
46559
12201
9083
55875
40855
5292
52833
27951
17317
56959
40928
37432
56141
26755
50624
43187
43921
59785
3996
11794
11028
33247
17763
45461
24353
28854
3165
57902
27361
32829
29250
27369
37033
12113
9801
15911
39301
42964
52944
16744
17932
28205
48512
9270
19773
10838
27100
14897
51648
21140
10736
28074
56488
5197
56366
46334
15447
1557
24786
40657
43807
22861
47190
25737
34254
12797
10848
54274
8584
29504
10637
3672
48806
44055
16092
4086
23998
51046
43249
38091
13421
58099
46543
34076
33312
7330
27980
33428
20575
38718
59909
43551
39543
3760
38586
38564
35007
4340
38849
39353
5546
17522
9205
50776
52904
21258
59273
35481
19662
5197
13778
6062
38603
24676
24076
9803
2482
10085
44048
34619
15593
43006
32280
33288
32726
59048
14269
34598
20395
15587
34804
5455
27732
26378
52211
9815
34293
58680
33176
42857
2530
2509
10117
3396
22450
31597
52121
33915
28903
8338
29122
46495
45284
12001
48400
14409
34380
35369
57096
26580
45841
42056
34455
22402
53910
7457
34728
276
2730
45418
35224
18297
7872
10080
55555
28568
34923
3938
47441
48847
11284
48944
22514
34726
58222
13474
9561
36260
14550
53133
35471
54235
35753
58951
7529
5317
48022
11807
24181
47870
45672
44443
58468
47960
54261
5571
20076
34105
19968
18696
50000
4301
44673
3400
28492
55465
59232
43078
9588
13768
41576
28904
14100
12638
17492
55744
15325
30009
10465
33077
8040
30769
53859
31348
51643
56275
26534
49148
9269
55662
6763
51266
54037
46780
33532
15020
15319
54589
23668
20743
6596
45708
56605
5772
15539
53064
29007
58122
21310
18142
21504
31719
25519
48504
23687
43730
45975
10601
12725
27002
28327
12917
45969
28627
15468
56322
42783
24629
23073
32747
3767
35026
16609
20582
7638
9115
8712
22268
17863
25247
53976
1792
47454
46580
22733
52432
45854
38682
51639
16766
23413
51897
32080
45804
38672
53091
57993
8689
57832
27867
11159
38189
53559
7505
20005
7297
14745
42670
33303
17999
29658
25538
2462
59177
11243
35060
49341
31660
45598
41691
3498
27026
51781
953
5143
52329
24118
16397
38809
24087
52174
48771
56885
49382
24646
53090
461
22969
48155
4956
57717
30188
3645
14856
3728
18331
9232
42237
43550
41970
45277
37941
33337
51665
27537
52804
21091
58881
58332
26575
27710
16612
1017
4221
58223
35059
12099
11718
19594
7301
16063
43662
41959
41714
49171
12783
43833
42338
14506
50158
54847
35956
26309
40591
20887
55452
17566
25631
25243
23676
49321
58836
20471
5105
6544
10331
5955
24312
4821
39904
6092
56149
18321
27386
45820
38740
13341
8872
44278
48511
7721
31384
4899
36333
58748
15210
21906
12811
27662
25554
57802
53019
2122
39759
57050
22663
26001
18374
26029
47203
19877
19769
37665
55555
1370
25887
35905
2436
50683
14514
54568
16399
15233
58510
23855
16897
26407
39875
51975
43793
560
46023
37816
59382
59362
34198
17353
16854
41581
24273
19706
39005
10067
18728
24125
23924
13749
17520
49806
22168
17033
47507
42487
41464
44100
32419
29822
605
45110
29889
12080
23400
42073
48048
46425
47090
26185
16588
58437
54393
18975
56961
51447
52701
18962
44374
15013
19994
22544
55497
47022
40363
17719
32402
21457
25343
5303
18196
18023
28616
4524
17648
52427
39611
16618
26558
7932
58561
13267
1761
7818
40368
37620
58577
468
35576
6019
35767
54261
37823
36911
23731
38458
34424
41875
10886
24883
18569
9437
52661
45217
7473
37245
40426
891
35096
42336
34599
40222
12257
37126
52633
14436
39794
30965
35307
49510
20585
49274
31572
5846
52461
45430
3389
54761
51464
23876
37834
2281
25909
45391
50149
33616
29100
19610
54610
475
1906
28857
6749
35160
883
44077
13014
36208
6887
35435
45204
9435
3497
58793
30421
12535
26114
13641
47896
57877
8142
34875
653
42077
42004
2679
38155
24694
44529
22412
252
18254
45018
7300
51744
15582
13663
48919
11838
12647
54002
29132
38442
35506
25624
14056
5103
54896
24433
58030
39118
44186
32668
42521
29534
37753
3943
44686
43216
48462
34126
49514
28083
6161
23120
22508
46707
20233
10827
24427
37373
41486
8792
16108
31881
30083
57132
10258
41554
17949
4149
54318
876
308
16845
56380
23886
7687
3899
246
7110
58431
21952
48631
32733
1294
11248
50364
20113
49154
19545
7549
38285
2440
13567
27581
31109
16322
31664
43105
22879
40073
50546
55737
57613
38229
36724
48702
57773
40524
34463
55498
18921
27300
50577
13306
52741
9542
40663
8623
48748
53238
40
38904
21382
9370
34595
4584
32580
17939
45234
53277
6696
49966
30701
48053
27730
10528
37004
9158
56931
9587
23589
5414
3042
37843
21347
13570
43302
37032
3741
39911
36205
47978
48173
30754
18782
38220
40489
7707
47545
9688
47720
20557
2449
41147
13141
56258
48244
530
29142
37662
39173
2909
58382
41001
10278
51918
35484
45793
11787
30495
18786
54528
51548
11708
41237
55326
59426
26610
3342
34914
15988
58548
815
33206
12245
15620
16245
13849
7409
46703
15318
33374
32306
44092
4915
22626
51201
6995
1320
34752
49373
5003
35000
56253
35241
44055
46369
55542
23614
59290
27780
34478
4082
5911
19086
47587
45668
10743
7361
33706
24316
8915
57191
51482
55739
36662
34793
17025
31099
13388
17127
24017
21426
8977
39251
31595
28334
21888
15639
38986
35376
55679
10319
22868
32274
41179
6137
30213
26949
11453
26019
16732
29320
5042
48048
20387
17889
1436
848
50600
55789
13683
36135
13602
23247
39618
57110
1732
39476
9895
51027
57277
1597
43096
43661
14558
15501
56057
717
58139
10221
44427
44565
9316
41439
49111
29573
35101
34326
30226
21037
47326
54524
18419
36628
1047
25988
21237
30356
22738
18550
41136
25927
59325
7719
44920
17253
11705
3759
4414
11674
32048
27494
44371
46729
19559
37961
18897
48067
24553
15690
10520
15631
28695
44609
18123
1174
28038
48707
46799
26163
49287
992
45825
58503
21116
53847
46578
10116
25771
22159
7199
16080
31451
48866
10794
38616
16357
31944
8493
15554
38146
57541
11592
56084
45186
45347
41293
3991
43862
482
56771
26819
9562
12213
54709
38491
53263
29568
31620
26893
57737
37308
25568
754
12355
10244
24392
50143
21682
12104
59305
23862
44455
8030
34549
41250
20453
35512
7286
49118
9042
38661
47374
34042
24769
28461
28651
4158
5409
11892
35366
26782
43165
29470
45444
15095
13505
25155
58980
33155
305
8694
7647
3576
56289
19505
1024
16999
3334
38048
13925
24478
36446
244
23785
24114
47901
19263
55239
28737
18701
7600
35313
30906
2367
14559
10014
7398
27094
24602
47950
20805
28573
13319
29253
7392
26410
39611
40152
25722
36622
48029
51153
43614
40803
48793
14771
27740
6000
52860
21451
5077
56255
8023
14068
16904
52264
33095
42806
43567
54685
41704
54390
45674
29628
25279
12781
18851
9257
58233
42748
45546
24106
45141
1200
20346
48125
39699
46420
25143
32283
54764
50981
51231
33869
9631
38738
30098
20846
46097
59866
37138
29705
54724
48981
59203
46682
9876
58576
10350
58443
56188
40812
21153
41280
43871
24798
17442
37829
59991
10521
51963
39771
49180
20732
52453
54990
7441
11449
54885
51237
59402
38989
39639
48371
2367
51986
41550
37305
53450
33979
12559
2787
22089
11592
23153
45518
38869
10159
35320
7427
36096
27674
53484
7010
35455
46787
52851
45126
6791
30830
21284
5292
38556
47190
29247
15048
15776
4977
48604
28623
25370
38894
11899
3593
44381
16047
2156
55296
36051
7667
17286
26891
16490
58216
54708
10079
46005
51720
46829
56982
18506
21937
27936
36288
48689
8712
35948
40084
5515
23684
53955
35493
42859
56507
18030
12549
3972
36048
14446
30627
21492
59331
4347
2586
9758
15735
23985
27818
35419
55518
55183
21099
56166
462
12681
58790
13344
38447
1343
19533
5179
49180
5924
321
24909
49037
48735
25996
47636
4573
19722
19038
1315
54051
17070
30409
18089
9690
11610
23966
13594
35996
54700
42478
503
469
15163
6980
53784
8022
56965
54973
25882
14949
17045
40112
34410
18272
30861
46161
4602
56218
13738
15256
37571
10172
43808
2319
7702
23888
39095
37948
43852
38450
55634
2952
20554
35248
20426
23921
8973
950
48177
43358
52582
52770
3962
7886
35894
12288
49445
50685
17822
7850
45446
20372
37382
5502
2313
56114
59864
43507
167
53199
19609
18386
32747
1473
4312
48992
48197
41016
6572
55885
42271
22777
15803
37778
16976
31776
42449
29577
8008
13867
11142
8246
44417
59762
13551
44927
316
44679
16949
21763
20731
54027
45941
25092
25031
8762
13333
23914
6323
44784
48648
8261
18854
57188
36963
59116
22377
47
19157
47040
52940
1349
28466
42983
44414
19659
19953
31308
34156
27396
40749
31237
14396
4798
3092
42672
44613
52682
13842
55184
36216
21786
53137
59096
31252
56974
4832
17683
5520
24823
54860
42122
23526
19782
39798
21197
11314
59823
30405
23907
22558
2402
9295
19577
54245
46143
15575
48831
48282
474
37925
36554
24147
12494
19709
42280
43421
30186
25170
47697
7910
57027
19705
6190
27229
28094
56288
50887
30792
21560
26057
42473
8025
13362
29887
44239
32524
37822
11493
35203
45697
35279
26045
10352
54608
10324
51841
22458
567
15542
43811
13195
40587
54486
47728
51962
32142
50311
23428
17634
25928
39617
51985
11345
22415
52643
27161
21746
27821
33852
16122
56609
52293
49263
53629
18178
24317
35587
34109
51864
6738
23131
51657
8127
5072
28134
51418
3931
33974
46198
12655
12071
2658
15022
53790
28567
48869
50494
5710
58672
8088
1826
15713
1753
18205
2244
6324
23077
50855
4336
16784
16639
58588
3908
11142
56051
38101
44507
53546
53567
34667
2110
2792
43872
45977
53648
11862
45821
57207
56664
50488
21156
45831
13588
25275
27172
2894
13061
10316
17803
5931
49487
25280
50318
20570
6218
3691
12012
13833
24145
30761
46872
53769
14055
1959
23422
25116
10924
57827
5354
31695
18521
45858
55900
14698
9732
14467
36381
16679
886
26082
28568
54604
59163
43432
46650
28554
6826
41329
53365
6085
48603
48556
5620
54574
39147
11905
59704
26259
10592
22732
52475
41113
37198
31933
46232
16692
14772
