47354
29535
39505
21807
23580
40508
58419
8338
48269
9009
32885
57090
28460
58736
56272
19472
42455
47962
8984
5279
40951
11432
37068
46182
29117
47755
12875
14637
48072
21711
8082
54015
23779
47936
40730
2450
12871
42934
4749
16386
59266
42461
3676
24214
36141
23714
21424
27427
52673
23097
28466
19482
54097
54421
13965
5439
35542
1840
15656
47490
57229
2752
41044
46216
42307
10515
21879
53833
9061
44709
7998
8488
50354
35389
59679
2390
43688
3590
55310
19308
5917
34993
58927
5498
10701
18580
58779
32592
43028
31921
39471
46064
38109
36153
42152
29178
12458
24133
45776
38333
4837
19323
59139
33652
41214
17000
13457
36248
46987
44590
34979
16591
42447
35349
21588
16382
12499
1879
29589
16625
44166
38169
11142
16682
31929
19828
17468
12206
13944
43310
51904
34572
25312
57218
2292
46463
45723
19991
51254
38928
42453
31110
52806
7424
53883
38727
54080
58205
38272
1064
40590
39542
15315
5449
24517
50702
47894
18925
22365
26302
50493
21518
12517
1232
55246
48926
20111
57189
6423
4121
54743
49751
33322
39025
38625
12188
34377
18202
613
23737
10085
10927
43104
10107
19486
23504
16445
12475
11215
2054
29458
27636
17722
35459
44198
44605
18856
30532
7447
12376
4411
4543
39125
58647
30168
50690
22057
42514
27633
3785
14302
37975
54245
44620
36318
3740
13369
35097
10769
7929
23048
26416
44028
50954
27952
21083
4516
27392
4691
32529
38355
33422
28044
21942
43030
11654
54816
40838
57329
15018
760
50914
47041
29740
23693
849
29360
35252
43609
36036
24707
18910
55773
15517
42968
349
41393
14722
11129
53247
30551
17587
12725
56015
27758
35102
3110
38732
3367
14570
47913
6692
9248
28985
17223
26752
5838
457
45735
17178
52775
27107
13746
15486
24441
912
29414
246
48593
44498
16514
46522
49895
18169
14075
25321
34119
2316
42491
31941
54872
9501
58328
7369
20075
56767
7551
39956
24979
9504
19447
40916
41544
26649
5850
427
14709
6556
53366
38484
57765
11740
1017
19115
5305
18109
44575
19332
56658
38497
46312
28086
50875
39680
28058
1779
35060
48678
30245
19039
12745
52889
39823
4910
44546
59655
19900
32739
25650
48614
27006
20141
55268
28400
27105
3188
24047
3690
38257
12986
14944
57373
42738
42352
47358
35639
46722
53125
46386
53976
53312
5422
47549
47139
37668
52255
57191
43551
35368
648
48739
4139
54467
49528
21701
52424
48605
44418
31283
47097
27274
28173
54214
45384
29720
16939
33425
35170
55601
50445
41097
28514
8144
3766
48904
31780
13943
21146
55034
16263
10484
14251
792
9206
59142
24064
29925
35222
45451
49789
34897
4728
22333
46269
32052
6147
18970
23748
39773
41170
47303
7531
48633
50178
20007
52113
37867
40715
39187
9108
21866
59730
30326
20360
47012
48517
9514
50235
59533
42154
36315
14278
7611
23617
3288
48659
22857
55156
20030
9648
2866
48632
4904
17332
11711
26740
26187
53370
37966
1605
32178
29258
12541
57225
27309
39802
51291
27584
50976
26706
51299
48537
51748
39341
33806
35424
18035
2055
1134
27003
4773
9766
10229
23900
44847
36542
53484
359
2617
11721
7546
2626
51497
50851
9290
18850
10257
42438
31387
20832
58583
21176
24160
58129
203
2014
22467
50733
32035
28625
18746
738
5235
10997
58196
5617
19524
50681
9480
23245
42719
19693
8075
44647
49298
53582
44993
46468
42822
20410
333
19817
22069
33119
323
16475
36168
50279
38827
41868
25589
32981
58544
30078
11997
46246
17314
47357
12257
40906
27289
33064
28026
16684
43469
57749
9267
34175
13325
8017
31277
18955
5462
49693
17400
100
32662
17412
54200
20353
41087
12863
7598
26159
22540
47272
7782
14491
1559
57638
891
57614
38841
10889
20721
57933
54920
9910
27638
41659
33216
49485
30134
10476
7342
18757
443
8947
25450
6638
7521
57300
45655
6251
43542
13791
43155
34624
18581
48319
28162
13022
45841
23659
16307
33413
37883
37274
21255
42266
59254
13708
3524
7059
36736
46932
46463
2495
9270
59083
8334
35011
19774
25652
45934
34206
41602
59604
57625
25867
23510
42645
14049
36332
59347
18191
10011
42535
34564
1954
3450
42285
31983
22706
46635
2057
1452
32575
13222
30013
39651
19107
40305
7022
45958
2628
21324
20070
32615
45046
41240
40882
59283
8166
31338
34267
9527
36207
53474
18066
20956
11997
12768
50795
52940
8846
21683
1605
36723
18800
27091
55346
35049
1157
45185
44087
10164
55123
32713
1106
9027
33097
20851
43865
48615
50505
44561
1343
4012
41180
6379
1698
59319
39546
49763
20813
28115
3243
50624
38853
39165
39617
28569
3660
27032
29066
2722
27086
6198
47420
40455
26052
16206
2796
25965
46591
58198
44370
31200
55738
3959
26832
41863
5626
36293
7045
17268
32006
56485
56956
38138
44675
3808
47768
9464
38377
37848
38410
30267
51250
44021
57549
40102
39760
24747
17145
45770
18632
8883
45250
27274
18914
42693
10460
10257
10363
37349
31207
21867
34763
43410
5399
38688
6356
25285
46711
35672
57266
24863
217
12867
22874
25594
49396
31843
34138
27577
39488
50786
2546
8276
3938
7270
59835
35681
12225
1977
22353
51935
53409
41712
22705
23393
44692
25218
6507
3570
30049
34056
29520
5954
50574
46764
55521
32622
48428
55665
7260
42816
41448
1749
30745
5147
10003
45299
49128
49184
21378
58080
45746
48219
6118
14375
44209
49202
15860
47654
17299
39631
974
11574
15663
14675
50296
51694
19439
40628
43157
9739
20874
45522
14348
19457
20686
25171
9595
4646
14163
20791
41828
58869
56969
49154
29506
24495
28124
27699
1689
22396
41323
26334
56815
6079
4065
26184
52338
37790
19089
48253
51767
30091
37983
56212
19374
43629
27608
28045
28071
22478
262
56530
42839
8050
49366
32643
4908
21249
30406
25807
31798
13803
54019
7348
30131
41861
58106
22237
39408
25153
10523
23651
20403
3583
10503
45431
57197
26446
29235
15997
39208
42071
21873
27938
14098
46276
46214
36447
3265
43751
51689
23608
8582
16452
9294
31042
27086
23918
59442
50944
54865
19693
29567
8222
41393
33389
55469
59212
22209
27977
25353
44188
53202
50690
32522
10190
30786
14501
51051
21057
44721
16695
28510
11045
46717
37167
21295
17494
50689
22504
27269
51962
1444
12924
36222
31105
1208
14363
38789
54408
45704
17288
15331
24391
54303
22112
2222
27140
58326
8941
360
45019
58372
24888
22094
12647
13574
36978
14696
16294
54636
33620
22360
16409
9631
26077
28886
1497
37898
48236
28281
46682
8369
16112
12633
25435
32848
46799
20384
13223
1267
57195
17451
52545
5950
50038
9270
3068
7961
13962
3884
11215
41660
16026
44484
45668
4298
10175
13038
38578
42840
19143
48615
26567
7913
10073
37847
27378
58669
44779
20574
20985
6857
15251
58428
25280
51711
41521
2739
45544
58409
20281
17688
54195
40331
14206
8996
52917
49688
6232
34367
7428
58101
3687
32454
33471
47605
3306
52357
28640
19898
34250
36621
33818
39565
41615
5218
18280
5205
19558
59792
26695
1812
10743
3490
11169
54230
12815
54092
40063
18164
10058
35809
44100
8813
55767
31281
1235
5809
15667
51157
32893
14817
1807
37776
27898
18666
3129
10215
57298
5824
41695
1243
54469
4080
37260
26292
21452
56360
56138
52546
57499
29559
22284
39475
56928
50004
40199
55663
49055
32087
43672
673
8123
39992
34401
50179
8239
7054
23866
29025
2827
15699
20909
42508
21419
32609
14373
51306
46764
53514
13662
36560
14769
43166
23467
35344
59766
19167
47817
27847
21452
58412
27896
45852
44958
54373
4101
55149
14637
18019
58167
3093
58343
40027
52929
50430
48252
40804
40767
12317
39497
26114
49612
21918
25630
8210
33766
24673
2996
22755
19976
42549
743
25825
25415
30974
37477
10121
11698
52321
53399
38871
11094
44832
23476
3900
55800
51670
6052
26151
25840
58578
16871
58581
21866
28179
5769
13422
38074
20383
14597
42917
37035
24208
43540
28549
47453
56418
46929
54388
22469
35380
50762
35271
23666
16139
37270
22213
4133
15554
52527
26266
31197
45753
59662
41370
53524
22634
22223
11585
10388
56574
27651
3152
30341
19458
11707
31127
23896
38687
59413
52511
20670
26522
55208
27701
36023
11175
30536
15722
44946
2723
27788
41364
43567
10343
41912
11791
31658
48622
54264
56346
58630
51361
38476
17237
50477
52508
45144
7486
34762
39557
59331
10378
33896
30201
3921
32931
58616
27675
9483
4746
57616
19554
39128
30409
58495
54906
54568
33107
57729
47356
23347
26388
40132
50885
39756
56971
12933
21131
28846
39302
25106
28813
34764
7276
25747
46905
57016
20336
59754
46256
40308
555
37053
33491
51472
25112
1545
48637
12112
23218
41424
19832
42324
56077
35349
3983
774
27054
49793
19197
59560
39371
36752
32319
38735
55335
2734
57841
41295
30374
40772
26852
16215
47129
37430
50916
9934
8648
30980
19665
30255
3168
23108
44192
26096
6985
15983
48212
41396
55470
51458
55458
16871
46728
21917
9990
43304
39634
41340
2626
17739
20092
50121
41069
20133
54129
10381
57446
23331
36254
41068
49188
14783
22322
46184
13602
8322
7355
11222
50535
36438
14106
26536
22636
47396
22447
52564
6883
1994
50560
32111
41647
39676
29990
33137
52337
53397
17032
24497
54450
43610
15763
19742
18051
58176
35046
19131
41488
48653
30927
3275
21944
5712
16059
13174
35888
26607
13082
16580
52023
7578
6736
29838
38440
10065
58177
12302
38405
33502
19918
15959
49736
50197
24724
59907
51273
36399
40312
13888
812
1768
2411
27937
43231
42878
57074
14756
5493
12542
33606
54631
8040
3078
58610
44397
1542
22968
16801
32042
25755
38548
36129
33347
40412
12808
56400
27010
5908
40876
37171
50987
9470
16337
14281
58578
20615
16
53449
28612
47781
27978
49711
50518
29235
55175
32616
19045
15272
12662
15078
33703
9405
28911
32873
7967
28471
59798
47080
56895
40932
41806
31470
7362
57061
49105
56313
13214
42143
34126
14008
2582
41566
15226
38277
27672
2430
38732
1505
13681
26391
55251
55918
17169
5725
22328
48875
42098
50058
7793
38813
3227
41410
35045
46379
22678
21511
58525
30510
30727
57907
23890
46416
24004
47507
38712
37215
30074
12768
44023
28149
13783
37965
14631
590
59664
19663
12627
34418
36074
19248
6364
18127
12900
14376
10993
7589
9873
39399
38446
2832
31315
20356
38442
9220
59741
34717
49542
17595
43613
37891
48012
32567
44345
15687
30264
40244
24941
38987
17949
54873
12674
7236
4686
47611
33879
18862
44630
10206
17957
8571
29528
33652
35435
18541
24339
24524
15201
39267
11847
35294
19570
11102
53322
45455
45280
38482
53846
39287
44364
26947
34565
51257
57847
52721
50914
19047
49234
36792
6721
6909
42015
16196
26163
12236
52596
28702
37906
46944
29354
31821
16201
58962
5711
34851
79
58784
34885
21947
53087
46134
44687
11776
11545
2223
8452
36461
36114
22897
39446
58791
45874
16266
42629
56501
24009
38102
50954
55190
24608
36506
55050
7386
50156
53471
42768
6642
48143
42698
12162
33357
2572
43328
56842
23236
6596
47325
3508
2924
39916
53561
55298
29031
56593
32293
36100
52407
9143
26122
9912
52282
43848
25474
44223
27587
58296
25854
28568
47024
42668
8619
28743
11816
32935
24583
27529
50036
39661
1733
8973
7385
57602
51149
38975
28393
13997
13489
18250
21653
16116
25092
37337
23522
34207
13879
15941
5530
6436
18476
35873
3053
36820
30316
29289
34609
20826
17644
52455
627
22240
47033
33150
16994
12898
17312
57089
50389
44555
44276
54038
42430
2130
17153
31401
36968
32320
17247
54561
43245
13924
23720
31002
49701
31546
57042
41087
14196
11185
2104
40574
56719
25388
8872
51363
14961
34046
47151
31164
57648
33529
54418
12662
40660
45102
43713
34328
35605
30982
37318
56864
3791
28166
45227
18286
58621
6774
3130
37957
57467
13338
25848
34337
20527
37447
38152
29807
13347
33658
31325
8187
31898
11112
22373
30853
6389
22561
46868
52706
8368
12350
41026
6837
29341
51085
17088
18942
42001
13880
45760
37511
30377
11820
55678
58029
26786
22707
1707
31625
24621
41316
21963
47672
19734
44161
11562
42143
57953
16941
39176
23919
38993
26384
41609
15513
42616
46694
2068
31068
31697
16761
33316
18922
16751
6157
10775
49465
24244
4375
41045
56784
14587
51791
32241
38125
10033
14230
57798
11404
32999
22603
49677
13206
9277
49860
51742
5742
27605
2460
32262
53001
41897
29538
9624
38508
36154
53688
19009
55778
44034
35510
52892
52144
15326
42607
4030
41078
29730
22581
19023
36470
29308
51731
35928
38998
41716
53315
5966
46984
43913
24311
41343
11615
43709
10011
34011
11182
37653
26781
57654
39146
12771
12129
47998
8453
22617
53430
22573
24569
28726
25455
40858
26181
58942
57181
44043
17168
54471
20142
54604
29972
49989
19454
51138
36831
29890
39033
9908
26937
15427
35393
12903
45141
34709
14772
43988
53646
50912
47850
40488
3509
34513
43160
4619
16004
52199
19692
28204
37176
12383
51367
34607
40846
21212
42051
11455
17065
14962
58159
2567
58357
1676
58176
570
7887
17313
1355
3838
21830
36341
59118
7796
56797
8740
6394
47137
29548
53615
23840
7128
24319
35791
17065
54218
13326
18720
27055
39704
3604
45343
44906
14768
59097
52879
43060
25705
27373
39845
12471
28537
1005
8700
17463
43754
59826
57710
11148
11316
25910
25670
4337
18397
40697
49207
39003
43149
10965
25862
21761
9121
6051
59824
12932
27845
28913
52445
25226
54921
12684
52004
8230
29286
16323
36060
51897
19514
56247
48424
34838
5475
14100
35717
40801
48705
10
51936
33376
7888
59278
25514
35043
33971
32495
29362
9406
4134
3260
50261
28817
34152
18906
54470
3323
31278
22585
46637
34173
7702
26899
54987
45287
37725
48713
13857
49832
5432
31936
14856
49517
22289
6399
34825
10318
5339
29045
37900
22589
748
52761
24700
24282
28732
4016
45761
20306
4271
39334
38835
57138
59391
55687
33698
50479
18970
5924
28851
37779
20078
55972
1935
15641
43016
33784
43527
16155
38856
39767
39046
4021
37351
25201
46678
43263
8637
9261
2923
27272
19190
35249
12220
58995
28345
38177
17703
9549
10404
2541
3687
33892
6396
13883
1223
38218
33726
36383
9214
52494
34620
49958
52405
53851
56920
55552
20470
54684
11537
32703
29089
15111
1078
38930
56280
36711
40684
38977
19238
34209
6344
53148
55405
6181
25611
38731
27659
48922
2326
14940
14874
52053
8278
47049
31460
9325
21060
56794
9423
4447
10901
54527
49859
16613
51987
13970
52708
41004
28584
40277
45762
40241
37031
38320
5501
57658
31929
46749
43450
8791
13594
56056
51673
20379
11621
28569
259
9570
45653
35591
8833
13795
9118
47284
59298
38731
28719
39331
1425
11147
14685
12224
31899
31143
33796
15573
43164
22283
36592
53322
39790
12747
36547
28281
42396
52842
44037
22737
22309
55858
54791
34566
5946
31767
51389
2818
56180
12699
10352
47531
26222
28818
45256
56780
47267
42358
41786
57811
2425
16526
13923
47841
39268
35185
57990
59232
53257
19788
56410
17975
1628
50028
27808
39445
32197
24399
30059
50887
55181
5336
57493
38711
31255
59072
47733
10358
49060
26658
45521
55792
20484
44302
49192
31952
26047
8420
44417
48628
35816
53019
28914
37272
39886
35078
22440
8373
4997
35979
52898
48448
44172
49171
15726
30727
34208
32141
13788
27059
33088
32564
55964
50927
19577
26101
41499
57150
18652
26157
33820
7173
35714
25849
1260
58646
32240
29788
27639
13610
54236
32482
2220
5532
2615
38481
41032
38094
16716
12843
49602
49247
40522
44111
45163
30072
36194
8082
55081
28539
13892
22261
46356
49919
10857
8610
27336
48255
12589
10493
53215
10267
51728
33971
38446
14352
44619
12074
57749
55791
21661
57508
25248
3609
49817
20276
35862
4508
45359
57977
23393
18990
14306
28791
29798
53393
14338
6211
11119
28464
26927
18203
20259
57260
47459
36525
16162
55650
49145
19808
59289
5136
42169
24514
45139
4064
44000
1248
22471
21940
47033
41538
33659
23776
29367
3884
31814
21220
39151
25264
45146
12098
15499
26008
34012
47494
35046
13969
10520
12677
34789
22098
28880
10061
55926
34093
37000
11583
45616
52572
55123
11032
46400
18869
42017
31836
25021
17345
41271
49156
16557
6857
28106
30817
14850
47916
21856
46535
42539
35665
58866
36991
31211
47490
38146
41807
32231
54233
46601
32025
31484
46508
51007
7645
45729
31301
52467
56625
46533
14812
35406
42672
21218
45572
6260
56164
59189
21928
19121
5599
2336
31803
16526
36460
21611
49759
19648
27975
1573
3998
36717
56190
46788
21636
39538
47610
40748
29333
42122
59895
34587
57971
49818
40203
610
56091
53992
20853
27636
15117
33615
34253
35014
26830
33732
5017
1483
10074
52341
3935
4730
52002
43695
152
16804
10773
49823
17724
31288
8504
3166
47223
13931
5271
45828
1562
13210
26300
2769
13287
49856
9915
58639
15797
455
18930
29910
38943
44410
39788
49376
42380
51815
22403
33492
36896
49422
37248
25080
9615
16537
1320
4371
9606
27201
28391
7658
50331
47446
5898
39467
13060
44414
17965
31170
28685
38350
21026
45307
29771
27028
17434
34023
47833
17905
56011
34980
40914
43722
28417
6250
19039
45277
23840
19995
5921
32835
53570
42613
43531
45913
2298
9283
47409
34979
53305
20961
26395
14445
2534
43702
31994
44901
18221
53319
8883
11261
9653
31333
32169
35910
4369
54207
25308
56285
28124
37349
52130
26906
35093
21136
14126
35359
48065
38968
33244
21582
21281
57388
39204
3307
52277
16867
28059
10127
31197
7703
11565
4471
28136
11789
10590
45305
6086
30898
5652
9523
3044
17526
29906
45637
18331
35446
56915
6354
32514
19318
27409
43895
30538
21713
42588
11632
58325
50110
27775
24362
49979
36313
46606
50994
42939
49411
31106
58917
25235
1924
8493
57613
59853
9055
43415
56919
36550
45469
53725
489
57782
16614
7676
22017
25361
6316
20714
28707
37781
8912
27512
21421
3397
55279
24086
53511
6268
46580
3949
51735
34357
30036
36575
19223
39530
4175
19941
45917
28408
17122
2604
54812
11096
57952
47656
58020
47932
30364
10521
39128
54305
55487
10723
47183
52728
39237
701
23707
13378
43351
50687
50720
44852
32539
35179
21949
10794
9128
9883
33372
19922
58084
22495
40989
37463
36665
42779
39959
4748
14651
10926
32014
59055
11267
18718
42776
46072
50796
11732
21059
38154
53405
51461
2508
55392
22696
22202
2638
10083
31076
33060
17887
9617
7133
43979
20490
33395
8693
30913
25299
11826
2687
20963
39209
41474
40786
55085
24803
35728
26593
54535
4695
17665
48039
58207
51088
41207
28989
35413
36844
54334
39891
33157
8407
16714
56208
18167
46769
16238
22813
22868
46269
41160
3044
33268
7242
53618
48202
55214
57440
12344
58791
48324
33900
34945
3730
58827
10570
25066
5034
50882
9094
26601
24761
55809
39687
50801
47203
45653
47305
38643
55939
25372
47013
26478
1098
45524
4772
52427
19653
54256
1776
12385
13970
43741
52720
39578
32257
25127
20672
54572
45246
57238
31815
46288
41420
11304
38546
15206
52018
34454
32654
19295
14915
44652
30757
20989
15570
23568
32497
23267
4943
42304
45785
46464
58948
12799
38348
52565
20101
44003
24815
42773
11720
55757
12315
38388
7624
55788
25205
20185
25597
49009
34552
50802
18753
544
27390
22420
36089
6199
19796
21063
54713
908
1472
52839
47144
21540
52839
22968
29567
22125
12381
9345
3734
11044
20160
26749
40380
24441
55746
31148
27449
59041
24623
27754
8023
18271
57098
50319
3945
21639
6031
46971
21879
39246
49896
15098
34336
38457
36508
17253
40404
40496
48310
45231
20180
50068
47853
8268
14203
1258
38518
31989
40971
23408
40299
16854
45680
5363
58118
23043
29611
40617
2556
57699
51459
23659
17738
3883
39864
34834
55389
22222
23877
37994
5693
1721
45330
8756
11593
43279
20222
13713
36083
17956
16544
3891
44790
43413
25737
42702
22986
14940
8958
8350
11682
18523
14338
18791
4157
48439
52022
44859
35809
41500
7811
42350
57738
5244
29357
49327
49267
59278
53387
37927
3223
45927
10028
4426
12767
5577
42917
18609
23233
47473
10250
57813
28790
20941
53981
3601
25305
42390
26498
25382
29702
16233
10326
15765
13485
49897
26328
1308
11750
44077
11362
27052
25574
32985
45963
46055
53630
57492
38236
21729
24798
50420
28193
37044
54334
23887
17148
45141
43377
58835
19576
20794
32231
36511
27682
9782
9324
38014
36488
42755
17019
56613
19725
615
42877
5558
29481
27821
39215
3213
6939
12516
23767
9503
10217
51012
16891
54237
6522
3157
34447
52779
26560
30650
31955
49202
46425
20328
13863
20700
9479
25678
25742
18975
27086
29225
46979
11338
7380
4786
12327
40998
22301
24961
24593
46138
28965
41661
28145
3332
33186
51950
15669
27997
24904
233
36999
52323
34786
8857
38764
33311
36099
33299
40806
2622
35614
56675
16630
17031
10152
17325
2501
55758
55905
11060
23427
27933
10837
15419
18116
18872
42897
5338
55616
16920
51647
48443
21406
39354
21920
40246
28637
14140
5469
23324
59134
19917
15977
23721
45377
55983
10715
49378
34828
47523
58065
31215
57055
26328
35742
8146
55878
28785
14361
47206
28687
43252
15076
26627
32768
37738
48129
16744
26577
48003
25917
14139
46487
56418
38666
20975
48152
49627
1709
30101
10576
46214
22752
24367
34129
41929
33173
54003
24625
46734
15172
51446
24336
29412
17233
43914
9685
16516
54594
19204
33625
11948
47409
42330
14681
39664
58581
30406
49060
46323
34361
5658
23896
51279
22366
9826
6451
4027
23038
27478
10468
15309
12341
44611
52176
5837
2641
52429
9599
48398
29777
51914
39036
45806
42886
54479
34200
15478
26143
44812
48812
41807
3297
48834
11775
17221
36071
722
29487
44338
20962
26884
24910
14076
12518
16405
53956
27968
59873
1006
20203
4200
9293
52368
31700
841
30154
34204
42218
58097
23647
55619
57334
51058
46912
40151
37245
21175
45747
46977
46919
48811
27749
5362
13653
5784
13358
35325
44985
40391
3107
13395
42161
46786
43806
25945
6200
48179
21631
1128
7087
47103
28132
43859
29469
54727
20831
34014
907
26367
57064
19503
51606
25820
27642
34043
32529
7627
36474
22548
12466
28540
51736
43114
43544
39085
46172
14730
9628
50937
34746
36626
41988
38693
15402
8523
46269
19611
3267
39575
42899
31004
38439
9206
25624
46312
25278
22183
49307
6788
29927
33270
4839
33224
50591
10821
5915
11863
41565
6003
14515
11216
2467
47942
12711
55233
22361
55272
25634
11233
20778
34175
9269
57393
2470
57724
24958
27080
23815
34752
12713
47499
49536
12786
44223
40552
45944
32530
53811
26796
48452
48332
28957
7286
29622
46871
30127
26540
57673
3724
29478
14242
31351
11733
21772
29601
56017
12176
3536
36608
5195
32841
10851
13943
58090
5699
39218
45408
53933
58160
43308
48042
33600
7116
19401
25808
28918
49438
16092
27339
450
11397
46439
30695
13824
46628
31558
2235
2919
39906
20855
18747
8424
42229
35661
10309
49924
53684
4076
56051
17416
29838
27442
5461
16032
55880
9792
17119
38236
50603
52936
24428
3781
40613
45260
51954
46373
1156
40956
19518
3067
50149
42594
6249
11604
45876
31671
14407
21921
49635
19351
5594
6931
57230
23891
57740
34288
54751
2548
53182
45237
34717
50316
15567
34320
58406
37201
57309
32077
31150
47260
15626
2130
31046
25877
50792
53743
19089
4093
13658
1459
1537
37485
55354
49612
36688
20264
35904
42662
2749
10034
46732
2675
38578
5460
35717
56785
55546
42640
11324
44361
1866
42753
19610
25197
6920
9109
58925
7647
51013
1318
40184
25453
32452
26585
2171
34494
6561
6495
5898
11829
3168
12218
40396
35650
34071
57626
923
21554
5463
9653
4221
57119
47307
59843
16552
40076
29858
20352
51124
49649
53530
1894
27553
32499
5079
37200
23640
41514
2765
30063
47489
34090
54890
32487
7113
158
53006
21570
52433
23561
46014
41783
3794
52509
8162
4620
24068
35876
11237
18784
53661
14713
5273
13070
39461
32040
49398
24243
16782
54507
15394
40558
9120
16987
6836
13717
7170
59414
21429
58007
7676
30775
38471
2947
34650
57691
44465
20263
11013
7671
40280
56728
15018
58201
4763
54901
22364
8191
2304
29865
34061
10155
38970
35147
11559
54983
56138
46861
37852
1587
1625
1637
51143
46434
34654
57963
44476
27014
6302
9896
49470
48158
56009
5244
46600
40332
22344
17128
30774
57396
18614
49652
34323
32165
55860
45870
36064
3824
16811
47371
31911
14884
8602
55925
35950
17957
31050
53167
18069
16116
57431
29664
35972
32171
56855
11227
32104
56678
32635
35104
53620
31660
8343
2604
12806
23756
56074
8664
17479
48452
708
11971
22603
33119
4998
39788
11710
6958
38890
30891
1564
42106
51802
3351
14336
44111
1400
12109
27250
33956
23776
41432
32546
42975
42328
42139
16533
28936
16653
5859
28929
38083
17990
57242
57822
45534
48106
57654
19528
9364
7771
5427
53594
9845
19791
4444
45247
49859
18196
20833
58675
44463
34722
41147
53953
12860
21140
47309
27494
56729
54497
17321
17330
56877
26068
15655
38867
47470
36410
28349
39603
25302
30256
852
723
24152
30827
3276
17971
50167
48605
48199
30709
39241
10340
10119
6659
5325
8952
20769
22037
5946
39791
25484
31143
43557
27503
44867
17704
28570
31664
5531
19407
43951
32055
49325
7836
6215
36732
19907
28826
39086
38624
10582
2246
32435
4985
16378
16457
53549
1342
32513
28116
42760
35398
34988
534
22698
59059
28978
42380
26296
47529
41918
56089
27257
36688
45033
1872
24789
27227
26921
41977
45351
20790
11178
55917
17127
37459
28107
10120
15475
32091
46463
15544
79
18855
3614
4437
59192
11271
2805
46819
54383
11345
22091
20377
1123
16274
27701
1512
50384
31033
16036
7192
28083
43020
28198
47798
29805
47671
24528
11892
24907
52900
48349
27659
37368
24780
16374
9663
30728
39908
10614
24826
7616
44760
13267
5363
28113
41398
31206
33372
48614
44884
33583
1525
48509
29895
34259
12697
12790
34259
54075
24320
26879
2361
15611
30047
37
13730
6229
19410
24443
2660
13636
33220
57895
31150
58872
37718
55754
1993
47845
27349
42059
38
48254
24124
35021
31
35831
20966
55157
13894
28796
28406
24816
25820
44336
2636
43438
51757
32586
10402
17057
41056
40278
50529
10384
56833
12036
31799
20690
43025
8203
32143
46271
38375
21392
20447
54733
43484
48497
20929
23787
15497
40193
40059
17270
13015
27108
18615
39350
50471
19973
44053
46669
15628
48309
34994
33709
50987
49815
44182
14542
11240
4184
49047
12720
21783
29961
51497
23807
14066
51421
6723
15505
354
15846
52184
50900
10853
15718
46934
50904
28982
1752
33503
44038
32586
40698
22026
35137
42653
27668
34545
17364
44763
51461
56369
1438
38598
31521
11607
862
414
58324
2712
8989
55145
45978
52822
3711
11805
12152
1327
54283
59507
40478
58751
26590
16815
56182
14839
58121
37247
18174
46995
3279
8438
53736
51509
24370
9165
27141
33111
27991
4699
7195
25213
15281
925
38496
49949
37183
16219
34263
52688
13960
53949
56328
13856
3035
14094
32766
42844
24575
52180
9373
37313
36529
56545
58893
33104
25800
54389
15117
28120
25265
42350
33331
39427
29545
40733
19317
54446
31342
16332
32616
56670
29623
33943
24305
33280
52879
8502
32759
3066
26331
3927
48146
28879
42506
24187
9656
53246
35487
41874
29384
40962
37680
12885
17415
36961
41216
13856
4152
51930
20009
39281
29347
9330
29645
52130
49007
41952
5437
5974
13524
4075
44272
31175
42798
45853
37772
48654
36283
246
49565
45268
23708
44691
4999
47638
40608
49756
12533
2194
37988
35413
35021
46249
7539
50047
6882
13714
3995
24464
14264
43615
19563
42385
58385
2330
39741
50080
1659
17343
35029
24697
29249
12313
42409
19220
19490
24823
36789
7566
33440
48526
53109
4240
52750
9636
571
52774
47829
904
15770
50935
9347
41338
38026
58885
1390
7664
53636
37294
9311
44823
45519
58091
14878
58072
30093
9783
3954
51723
2889
22532
31630
12126
58988
48783
24599
7451
45116
32524
11809
55248
19102
970
48006
58022
35911
30033
48996
20543
31307
26472
51375
4473
22662
52900
34120
15850
32873
17361
42535
30017
56100
24868
12965
35236
34655
13109
671
16514
45856
14059
15642
15272
1606
20563
42990
52936
59619
14517
52734
51802
8227
46101
36127
8837
43473
46905
697
7044
56600
59768
14460
16213
11909
28026
38614
58982
2273
27367
4175
47614
36370
40463
37033
59211
59100
3758
12519
2121
34197
6781
148
3691
37819
58434
14530
17865
33195
36130
989
9051
48040
51395
48868
59330
28405
13660
40173
51242
50926
21017
5589
48247
17866
3097
1212
41476
31154
44371
50047
54854
59752
11937
17515
58718
26603
30860
39365
24676
46903
55556
5855
56814
40739
3458
24027
3548
44780
19178
24668
24504
43992
30080
21528
42639
21846
32820
36565
23207
47269
27096
8527
24232
33490
50540
13339
1853
24350
20652
35411
28389
9426
33454
10697
32273
38143
30102
53558
37928
32324
33558
42804
24798
40323
5652
41642
44009
12987
37074
18560
54555
42755
31101
5183
44529
35386
10014
2483
49221
26829
42661
14078
20613
46945
13694
53646
11930
50783
9084
39328
13444
4259
37195
23802
45571
45187
17379
44955
24828
30605
21418
49587
16248
36560
18534
37774
40322
25964
46473
55467
10629
40280
8479
7353
20629
41846
5841
47606
21391
31912
57803
20161
59838
15642
47121
20862
24226
32539
27394
42931
9427
26656
41113
8102
38194
12438
48183
1690
50738
38701
29128
24956
40548
25533
8789
5535
43022
15316
53548
51847
31010
41135
51649
16358
29570
28297
34424
43980
16359
55564
3898
29240
23117
31515
50373
8991
1911
7583
56835
12183
39801
31957
4728
18522
59359
14006
26347
5949
32263
23661
24196
57497
22725
28836
56497
12990
58691
23084
34688
7864
26222
16976
5958
4432
11823
32165
8586
21712
18971
47679
27925
51615
38523
51669
7261
50686
31553
21653
8645
46854
42994
5892
9111
18503
58133
28777
16113
62
24722
29333
5208
55597
39770
13393
42276
53641
17965
9034
16135
9540
25874
56416
27848
1705
38685
20977
47130
55042
53459
4814
56446
44480
34542
28575
43824
7268
36912
4019
54145
31492
18325
33547
11147
25712
24269
25170
16621
41372
799
31545
19864
38346
12054
42816
19702
46412
1394
54209
49739
17308
36986
18548
39150
1878
2075
12130
25934
36923
30724
8949
20599
27900
18668
11576
57582
1465
36818
25216
55977
33132
52825
4010
46182
21879
40131
30520
24606
5325
10848
9106
29996
45544
17837
51463
32810
54146
43940
49166
54429
37459
7065
11517
17329
57860
36193
42427
32839
23116
50380
33771
14734
46746
59559
16334
31126
49714
1811
41329
28613
59859
43724
22974
7525
42482
14765
41871
46183
5436
9053
28595
57088
12828
57126
4852
42053
11169
11291
26321
48761
24112
1377
19346
4431
19379
5793
1986
5987
44272
44306
8874
20123
36867
52668
7099
5032
34344
54396
24456
42127
9060
38273
58603
26178
10419
41882
28872
44077
35019
44810
59714
48416
9484
42721
6339
1571
42786
45668
28580
42140
18388
50772
51301
23151
11585
7272
39303
41597
14797
53415
27176
44236
40972
8736
34126
56146
21515
26172
35085
9522
3244
50094
153
21424
15430
55531
22779
8503
6409
9879
4474
25328
46605
21049
24596
17715
5157
9006
28685
35665
32064
21771
21863
20282
26100
29286
57319
33763
7791
46887
10454
47237
20943
25566
44358
57429
33224
56261
33459
54570
53926
10935
45574
17103
16585
28288
37756
25590
2503
41845
40980
36428
43749
52392
38774
51317
17606
47021
42215
41876
56977
28528
29598
7441
3317
21097
15994
36583
4363
13019
19736
1149
38470
50092
6947
24767
26395
51304
58159
30166
33213
37366
59814
15090
4985
34359
50248
40073
49272
4475
30948
14223
315
42699
57518
20336
30272
3822
3214
33358
10209
23826
51457
40034
47497
48370
19665
53040
37644
45540
12044
2880
6319
27898
11879
51989
16388
43945
57153
53081
12815
16945
29835
37994
55912
56762
32854
26418
32660
14638
16608
7712
43880
8047
52644
15364
37060
15309
1825
21437
56894
26782
47721
52516
20908
20317
24996
20135
51384
45480
10212
24798
47362
54437
44883
7910
58934
46775
54808
28254
32642
13614
1666
15120
24889
4214
52955
17692
51959
9393
13123
57329
31767
27507
55102
36799
1492
10313
41542
57143
10804
56
2937
34974
57307
21640
34178
56486
10604
57762
45002
5732
51069
59611
23407
15354
55169
9942
5643
35204
44119
665
2749
44534
4643
43438
24156
50798
35048
32858
5713
44196
55112
43778
18874
27840
57109
13934
19903
52698
24860
19601
18993
50672
51742
39153
40197
49678
7360
59830
25089
10193
30536
5342
53961
16646
12446
34930
32789
54713
58682
42652
12585
8990
56539
18000
9430
45102
46283
44139
915
49429
43948
45127
37564
13870
42362
23796
59060
51728
54174
48898
9892
38852
29452
58752
18922
54037
49915
17541
29840
34950
50331
42466
8660
19685
37088
42284
40247
36815
625
25651
58366
50409
23262
7401
55241
15065
20466
50070
20139
53190
38599
21284
2011
54938
11741
57459
51839
18201
31046
42667
36195
32775
8135
37556
16305
30906
33444
28509
31764
59415
15220
2821
30285
4912
371
13544
55741
34655
29659
28037
4624
59354
40825
16581
3658
45365
41030
35426
46987
20481
47737
49850
12495
43529
19632
50130
4489
19564
32947
46667
43359
2904
7815
39932
44190
21163
54509
36049
29881
20357
509
10706
22149
25660
1141
55172
22334
42248
45183
3900
26069
52489
12691
29765
36361
11704
42673
25860
23407
5622
56705
56349
53980
34685
23384
41490
25055
39804
16706
20022
59647
41857
10048
1495
44892
49554
42226
30828
39049
19263
54039
54631
44884
38005
27855
30421
40711
43948
28901
10257
55144
49270
53235
30462
12408
48896
43514
16545
16937
3874
30913
12521
32591
16882
16926
39414
49063
4102
51844
19835
44814
20149
49552
21299
56527
38576
12612
24672
42568
18194
661
46399
47434
34271
33184
10992
46267
9913
23765
47525
7642
29506
43541
52728
44004
38361
2929
1805
30170
48771
27217
57138
20869
27287
32449
58629
49419
38300
13557
25618
53521
14392
51947
57999
458
26898
29996
8988
50939
52132
47107
51696
6228
32116
21229
27779
52872
22207
24957
44414
8398
15567
14288
48609
33963
8821
49493
1102
21018
9691
4452
38149
44652
12824
31647
49537
12124
19750
49802
48273
39561
44754
21643
53692
17824
14431
45381
52344
21128
44011
4658
11484
58774
748
15727
20422
52412
37663
5619
7111
25915
14447
30472
22409
43244
53626
50323
59414
15571
11043
2126
50230
58765
41663
47073
54245
10284
30447
7083
10518
40446
45896
44732
5933
14424
56060
48770
896
737
4262
13006
28659
11739
29098
39391
21457
29005
37753
32804
58284
32259
44931
2748
35216
42183
36071
42271
16035
55653
46039
45447
16484
26099
5520
41251
3572
24539
22725
50751
18518
12732
15046
38443
51500
13304
49197
33167
54684
14747
11354
41847
57317
5694
57645
5094
8862
55098
58066
58843
42771
54541
17253
6727
32758
41272
2758
34747
33343
25578
3014
40696
56391
54162
32057
16656
58342
4779
46395
35399
30798
34521
52330
37984
25563
4968
6896
4282
40325
53226
3786
15426
56370
25386
8189
42497
10514
38301
19225
14111
35654
38816
15697
34966
10667
49500
44291
10534
24984
23850
6594
56532
32315
22463
23143
12769
22215
54007
49258
7932
57957
38494
54809
8896
14976
56071
16691
19543
38029
44777
37264
21248
18541
10532
10776
7165
10808
41868
26842
2072
1854
45609
45575
35695
38171
29433
10867
19318
28027
17417
496
21223
35077
39712
27298
41400
39635
10193
27193
27656
4885
31104
53767
15007
21499
623
33130
31370
18532
58265
42317
7275
48337
8286
49159
915
22914
3876
15997
14354
30240
12869
56183
22245
45280
57792
32210
28415
48166
33501
19626
39011
22670
2226
37403
24073
45644
1498
39184
34879
15213
12359
58298
56942
53449
30210
23596
11879
43288
860
11460
45084
52838
45452
39369
11047
54002
51251
24783
54063
29198
48463
33835
5430
21830
27231
21683
30301
25891
53752
2857
4210
3296
56838
35107
19945
54597
56512
23798
59359
29224
33892
40006
2828
18856
36845
26112
52399
50039
52493
27719
3175
10067
27418
51374
25662
38505
24292
2843
45220
53151
46602
43088
32716
27961
43083
23909
42219
48696
28338
59066
51188
26517
58026
15841
25220
45283
56784
33602
54115
42110
28575
18885
990
19911
12148
8800
4955
5244
54353
28212
4417
10567
40738
8759
37552
8750
59153
39435
53348
26726
11017
15812
29435
36281
33754
58548
24569
8547
58039
28565
42427
9425
43033
30904
40551
16417
53331
24584
30721
2652
40655
47344
6523
18134
37020
46054
32855
2085
28097
18692
50264
24789
39269
14477
41036
2512
34620
10031
17149
49622
39258
9080
25847
38395
44555
12736
51922
37950
29773
35504
3248
25544
13173
48370
12494
57127
31990
45039
6058
33070
20530
8711
15865
43355
27155
46735
17578
53965
4746
45
55873
26008
10269
48246
41891
55437
9247
4358
45822
1289
45558
50016
22479
56281
20123
34970
50342
46408
27590
39158
8307
50295
26764
47736
46334
54470
37032
16210
3770
3583
40798
57026
32593
35977
45743
15515
59825
4158
10493
5484
15206
10176
8328
21357
36632
52891
47801
40881
58014
45798
46587
4506
56279
43830
1955
20029
52807
4595
46254
45993
8627
40820
37750
39194
13624
38606
41237
14143
50690
21296
30818
44293
7834
20324
58308
44258
28941
48302
3719
58562
15687
21396
24279
39721
44270
3300
13269
46677
28855
38388
53296
52837
47858
49040
29341
6740
15791
56130
1215
58516
15382
50338
40459
26221
42635
34391
2750
31573
37059
35717
1735
35659
56479
51728
8066
52280
9179
21918
31208
57264
1102
41455
21399
48739
3810
50704
27026
28027
53038
31026
11813
27609
24859
8415
34420
24145
14252
29315
24859
25469
46280
42295
20894
52703
54636
44928
22697
31733
19837
40084
44758
23525
15001
20507
47543
42686
2032
25815
44913
24968
59778
19559
25025
14359
37057
53436
20559
44916
45096
26081
5722
26676
38142
51929
41182
13368
19251
14386
564
23180
40097
8148
22416
36593
49474
35183
26101
38502
6840
59895
49146
29876
55329
41516
5514
57725
8477
575
55768
33041
46731
41477
50554
52073
9790
56555
27296
8725
18231
6227
20303
9256
38924
22775
11833
37663
19269
13205
21185
30123
55723
25751
35927
13291
7819
12870
9700
59081
57972
16484
10298
29052
34306
7971
35954
39919
56022
41531
46564
10667
43548
56182
50776
38032
26711
46424
56724
9458
55884
37544
1780
5932
14680
42771
42244
3673
31705
13966
4101
47380
4798
30356
52762
50616
23707
36492
31939
59177
36332
2374
5352
17554
23614
39962
38809
10305
49248
37148
58931
49659
12162
6944
46397
42335
50417
57637
39300
10722
737
15042
36046
59405
7222
17409
57286
52192
43645
44583
38218
33864
27518
35534
18602
9471
49568
33860
53109
39132
43463
23985
56004
45372
15317
48477
12321
11257
2410
12557
16829
8471
29317
36372
55658
9871
52159
49651
58948
8789
59166
15747
26028
11383
8392
38670
43590
14938
16568
12907
16189
5913
54340
32893
39197
58479
2798
34617
3153
56392
1683
21712
38426
40534
23634
37312
25682
55158
48009
30087
21489
36312
19394
40320
2255
15985
53162
38019
39769
51054
1258
16624
11282
46664
9557
20181
125
57831
27901
15586
43819
40334
6658
42033
29824
37655
44702
31727
29728
38717
59241
58268
21450
1664
57213
57483
52325
57671
37865
47700
52732
16375
20318
55868
40025
10975
47225
3995
47151
56866
15043
14268
19671
15164
51866
54264
51065
27330
6062
12043
50493
54830
4201
49424
29573
4396
34452
8907
3307
51303
16259
18383
46390
1224
11220
58993
5328
14954
14922
25532
38630
40185
10711
47284
42090
22770
53006
10084
29070
25562
32009
59991
28876
30374
45774
12071
50596
10660
56630
828
47515
30654
45865
23197
557
8346
42622
51545
25069
11884
33914
49774
53171
54254
35710
59642
24886
23986
52184
47194
30190
31612
10935
7743
32381
32330
24748
2111
4023
11118
3512
5120
12292
12553
5372
34874
42841
19083
58919
6145
32731
34445
48718
19432
15512
20165
59962
59874
960
53439
59429
59315
43742
42222
39687
27597
1306
15301
3312
43415
20850
10674
48843
27200
57604
41905
10956
7434
49969
25439
56240
39372
22222
23169
28222
27119
17126
26432
25478
32270
3743
59887
32215
5248
13163
21380
19040
43658
56072
28833
3142
52614
50886
13511
51114
12261
31887
41556
41835
59243
26223
2321
41048
46214
54303
3122
47514
15231
5339
36949
32324
5632
6225
47638
39412
37412
2927
47357
57379
10962
806
29729
15763
16176
37690
29297
14470
46385
19801
57960
22642
23176
2475
41031
32514
49442
26244
9810
1947
1225
8792
47229
21468
22793
26698
30933
58818
26295
14920
1773
50994
20829
8539
6749
49543
57256
31939
2056
6721
37205
4713
55800
40160
854
43591
5907
28545
5522
54562
7797
50009
41922
51152
38116
32067
48662
10811
43971
31135
37133
52620
9085
37339
53631
34390
39471
47149
49166
21912
33980
53337
54273
4634
16685
13684
9579
53603
57930
58734
36058
46976
35149
26317
54981
38749
5049
18538
38539
5240
35898
13912
9258
37630
41167
17181
18065
9567
27785
21367
26435
56937
30764
50459
59553
29346
11408
41242
49514
18946
22704
12317
44989
47188
45532
59058
35922
36945
25971
24198
36522
50363
33797
47971
28282
54162
14128
18941
30785
52401
59664
10611
16971
13488
58166
12193
52103
42292
31667
52968
3756
33926
8973
20477
59879
56569
41358
24868
3951
6414
54698
37030
28455
49815
36989
45488
41945
33801
50217
51696
1586
3487
22453
13469
41162
24853
20675
3792
47674
24104
55324
23755
21627
15338
25015
6451
50500
35295
42305
43460
34726
38805
1011
23874
33571
47356
26475
8246
20004
3004
3657
58602
29945
34603
42886
14977
59267
48258
14349
19752
10454
8972
37367
40488
7672
58233
58329
10718
33031
56751
3165
57892
24031
23481
51299
15604
20918
44191
43981
7057
2504
20910
18035
2760
44728
53049
7952
37736
44489
9392
57947
59190
28948
8627
40213
7819
54847
27092
18501
29171
57725
37451
8712
26106
38202
36220
23740
53311
6368
48861
35272
2171
31103
33945
53884
26098
41342
19192
36205
40957
59441
45570
37364
8167
39476
57820
53729
49008
7525
22164
24576
9523
7801
20277
48466
31999
36125
50292
44377
10096
44588
53247
37822
15587
16399
40682
3475
24204
24022
34312
12206
7159
18065
18467
20971
38014
12325
21277
33660
50794
52754
59551
46451
30329
20523
43082
16991
26841
27930
50758
36337
13954
34609
15100
37090
50563
49654
48770
32730
24093
20472
24184
28412
15999
44910
45655
43
15302
24412
35555
6450
32966
47535
32642
46738
12403
30298
52690
43077
32425
23112
10932
30086
29883
29686
54196
1864
4609
1588
22901
53800
10510
1563
21289
39347
30115
20820
36920
52415
26337
14129
40837
32227
25688
17464
19550
57516
49799
30988
495
22188
2580
28435
27291
11004
18396
57009
44797
34643
1792
33457
21516
6449
58
14322
53933
47750
43943
31775
49696
40616
22628
35623
32504
4918
15758
10637
44602
50335
16665
57038
15324
1071
46574
4840
27857
7565
48612
48524
12960
50360
58235
7395
6108
53231
16745
40520
4895
51296
38579
12390
31594
23703
42211
42989
47289
26552
28816
14122
49474
15630
3082
56404
52537
34218
13646
24145
49183
5920
33535
42029
51343
4529
37266
9415
25348
18534
59697
34322
4329
40803
4413
3201
24985
50159
42567
53508
20225
42074
44762
46608
57241
48421
27987
47630
57534
46167
3345
28331
52660
34831
36545
37556
8651
41875
33562
35099
56581
53108
49551
35591
33593
51410
35182
53696
39440
32661
53552
12151
55873
44388
40121
22140
53463
25860
45737
8290
53419
41410
33975
10419
5437
56403
30060
51804
27925
30187
38755
22241
19348
8695
5233
7137
42647
12686
46086
53300
41181
39775
21061
38139
46419
19461
20515
1284
32039
30666
23382
13157
57928
59359
17907
47025
44228
27077
45256
37605
42728
20435
55790
44069
59013
32739
13871
20750
36004
7150
1434
58251
15120
41746
20362
11725
32065
25410
29794
24533
39035
26669
27639
17479
48278
43049
44604
666
48633
11739
20821
27733
49493
43982
14444
50322
441
57277
11558
32705
22507
49163
19236
12253
6163
20757
53278
12555
42187
39802
5016
17667
18760
28544
56880
9616
4900
35294
43411
32897
31399
8553
27262
46247
4150
21171
45721
50229
2317
22666
5671
19280
48099
33600
58676
32610
17153
3882
52001
14456
4609
53061
53085
34722
29212
5226
36275
40648
35951
4789
33690
53116
33016
48300
28228
21078
15976
56172
52896
4749
28155
33966
29361
35647
34434
47537
47837
58084
46729
5016
45103
37426
28330
53349
23335
39917
13791
38768
58692
47315
11540
51080
25317
3933
50244
29316
4065
38345
47829
47216
57975
4370
36038
50299
4658
7010
38044
15287
10264
17893
23206
31840
3895
47975
58028
12327
5734
16048
12032
9174
26888
18689
8261
42132
55239
52983
16336
17056
3713
37982
8486
2660
16557
18774
35856
54643
11658
52343
56259
4880
15040
39966
58745
58317
14631
29841
34997
6634
34735
21409
21612
58048
51746
51944
55738
16001
18749
38841
59754
12987
35903
37897
5521
49296
43795
52708
35138
1073
2216
6503
47803
40709
59148
53841
54766
3120
36956
22563
58484
38820
15420
19757
13486
12505
20799
10562
21223
14589
31655
57554
25084
20478
54478
51394
24597
54986
28337
47177
2174
9694
58332
18562
41293
51134
27093
46366
56764
38811
3247
2212
21345
55190
54465
50779
53797
25954
54670
56561
4596
56025
51155
32937
59471
6365
2682
27125
52247
49392
38528
12328
44452
36995
24525
826
57826
10712
5155
20937
46689
58910
55980
2574
45913
31881
45930
5729
40406
34081
11896
54945
39259
33002
43404
56092
1730
28727
21962
43738
37243
44860
42485
18270
9364
22004
35490
22853
44371
111
41872
6265
36575
57781
23435
3359
37275
41582
34344
45887
17606
3376
11874
56347
26155
23520
46550
54355
20954
49514
28236
6170
37846
3840
850
46846
29922
42461
13464
6492
12015
42582
8143
25969
53204
27076
31478
43094
59933
35063
7206
46983
3048
35053
7099
25795
30252
18621
28946
9779
49023
35051
834
52242
53815
57033
17419
4157
20948
27207
33642
35860
16867
50394
41312
46137
4529
11654
6817
39601
58252
53288
8549
33956
15436
21031
20233
27029
18401
6798
21901
15822
13048
769
31202
54545
15563
9568
31618
20664
52680
51268
38629
11633
35265
48738
41347
49019
44673
26872
3822
44292
51685
4279
41892
43717
251
25520
22350
21242
41126
25238
37171
49826
5238
59875
45954
37705
16398
2002
43978
43780
39230
40449
58977
23649
47451
7674
50178
23481
25438
20907
52870
13548
20779
8429
44732
25826
28811
26215
53610
50785
22213
27277
17699
499
47001
11824
43502
26883
43315
11807
14454
57513
57423
10417
24403
55126
49184
15793
20334
1449
1166
32157
11618
29961
43062
7896
34353
2038
44137
42924
37843
28285
56114
27073
53909
21821
23958
9101
30562
42592
4675
13406
11037
44219
59411
18863
18980
10765
47155
41414
53075
42985
22343
44472
12743
57572
14948
2749
33191
26414
48309
14277
57020
21382
20752
40414
6286
2956
34461
21522
48472
3364
12767
35314
32039
35283
50337
55472
36251
10800
59837
56097
56096
29484
49084
50893
55954
54210
26244
22917
11194
1906
56203
20271
25553
12021
50878
49866
37663
8537
4985
47835
52692
19091
46192
44592
29514
21523
31974
3293
47816
36215
38092
58160
22052
50946
2255
55537
52273
49389
17706
37469
11964
22028
26001
316
23341
40790
1210
8630
53883
4244
30765
6149
43724
59930
8855
54116
46742
21401
22869
37046
27938
37486
36718
12620
47918
37662
49934
51306
56749
49041
11327
44250
25317
3310
31284
45712
21251
15648
16485
5834
29511
43265
9242
36517
59609
54077
24516
23877
45505
3519
10722
13570
14885
15056
34991
55460
14160
43140
33999
15361
20417
34801
2686
55506
52821
22850
25626
26747
38927
49785
6191
47658
11926
56325
56390
36457
1755
8169
11101
49264
10442
55289
9320
57964
19785
38632
2767
26524
51975
13072
19876
32422
2690
30794
49697
40885
5221
3135
6181
10376
6549
10923
25798
21017
34687
4846
24
26384
28658
39500
46702
51403
35126
17100
19370
50820
50126
29015
29920
5844
48023
2320
16679
895
12328
28348
45163
16923
47390
9799
32769
37540
24185
56718
3020
601
49940
9882
50433
57206
9197
32
49472
43893
8685
20056
35560
25889
19746
33206
26338
37687
52723
21759
49804
49554
48719
40679
7059
15296
11921
13356
14293
59953
38624
8229
1650
30653
18462
197
39520
15289
2619
5065
28848
39250
52603
32525
13261
42713
15774
17621
29876
41969
56195
52045
15361
41899
9343
55686
21907
37937
40444
28074
33756
3752
24380
45325
48811
51013
49836
4635
778
34420
43741
31185
33124
11833
2443
58470
17247
12560
39740
23285
25831
38603
10667
57956
35615
49205
6467
7042
16935
41351
9520
10155
57057
22645
45934
32235
57541
46377
8192
47895
21333
32398
49668
59937
53849
12122
39766
4331
41673
59964
9207
19284
32905
4881
37798
16627
27300
42835
35022
21087
10303
10820
24740
24133
40149
42391
29486
35611
39746
22478
10773
352
32198
12063
15207
14898
6008
16096
57856
10941
9191
18918
45048
20362
807
42612
15718
13510
25901
20765
10458
34024
56838
57721
49132
2296
31959
57998
9192
26505
1559
50216
22719
19805
54415
12935
16079
52680
48882
26481
28921
29897
5941
34619
53787
30550
42894
31289
30136
20356
17677
48170
22819
42685
25212
30811
38597
37750
44522
43569
47002
1751
59940
23685
12777
40254
46597
19776
45418
535
22155
957
20843
20963
9454
37391
37680
54071
14666
38330
4142
2607
42792
6045
6123
41452
5451
27048
35712
13836
51818
5240
18895
56283
48194
49133
1351
35069
46752
12281
2190
21723
56713
22190
3909
8625
22720
16408
54574
23333
29998
34686
6979
38567
56014
10882
8117
4562
20077
24980
28307
17301
57570
34308
7109
31599
52530
48376
26911
46038
41310
51041
5729
19250
19935
3645
24447
12082
19430
8646
38945
12182
47764
2382
10311
54676
45579
6568
2045
3604
22532
44261
56035
15004
19587
39069
5437
10426
16550
54503
16100
4861
880
8343
13198
5441
12007
54908
27646
6519
38073
22040
57218
45998
32474
48614
9772
11836
41908
40509
1884
45069
24318
13576
17857
56074
14505
1631
41286
15177
6163
34956
53006
52815
8240
45327
40399
20634
44983
8400
8913
21280
5979
15394
7978
12457
39671
52664
53775
54702
6370
23599
41814
