14883
21443
13890
33131
12671
16260
23751
26276
57208
22651
53653
3746
47890
36849
51310
42043
54525
2208
40585
50326
11583
59006
16337
59791
13029
32361
26613
44048
25207
52514
41689
3339
43473
6985
4497
50696
3024
53392
3100
31258
28208
20656
1942
19921
5848
40130
6986
11367
21118
34315
50993
40774
30883
8362
39646
14794
48294
27845
31848
43008
37012
47572
48268
35766
42884
42886
55871
27237
44028
8781
37578
27960
43323
11309
34635
30691
40482
11319
16947
7466
38120
29374
17969
39627
10691
12087
11066
14530
11848
21805
32834
15147
12668
37789
18660
4148
12275
51592
10981
31015
26965
57370
46519
24794
27765
51120
32930
27849
17312
43149
2766
53764
13129
3874
55256
8307
20087
20575
21480
33958
265
14448
47197
24288
33133
23517
50640
41407
20764
56786
23416
37162
36627
42321
12261
17323
35722
24782
1661
36411
4292
59931
46271
12132
50421
17750
18750
3325
860
21947
28682
34420
12397
55765
10019
33319
49402
41429
48822
46531
40579
20575
20375
28234
34032
54926
58813
10389
26205
46190
16486
51871
2640
37469
3630
41114
2661
52628
7638
59467
41920
53641
51169
3887
39412
34545
34641
4603
13174
33379
23656
49630
55030
52654
12588
40817
37367
42477
35422
44750
10588
45759
1026
49921
49304
16939
25184
25862
12943
40710
31813
9654
7355
20728
203
48953
1819
43829
38484
41651
42796
40619
48165
23756
42898
29674
3480
2938
59118
19156
18738
9270
57438
23311
51980
23193
43863
51706
767
57190
5363
31347
27877
29557
26904
6166
12412
43631
2893
34501
23337
27252
7812
4624
56262
59800
36844
52520
1661
36701
31918
40558
22978
44314
59214
55981
48447
37229
15595
55200
8367
29097
42343
2062
35916
18537
44768
59516
34216
47064
5273
54307
32723
11498
48791
22446
34116
6463
43850
1377
23557
34910
4569
36342
59714
43055
35299
16337
9651
4394
24849
4886
43221
25854
29853
12378
53136
51456
45512
18388
47817
58633
39545
27707
11830
10808
37341
23893
47291
3621
48614
58852
31110
40423
35781
603
22338
7160
58045
13120
37644
28942
20248
28627
35224
28740
45314
11877
8606
40656
58248
1314
47815
53373
48069
9197
25002
21688
26596
33373
59202
51232
15164
24549
11155
46056
47885
28081
39744
45639
49930
18039
8515
28124
42485
17987
53352
45053
31989
58227
19412
46897
52947
2204
29357
15027
5108
47233
40200
22698
11269
46847
54007
40261
7685
56207
26490
7623
52109
5874
5628
10766
50921
4203
8765
36336
31011
52276
52745
56131
16740
43784
18166
16371
8494
53220
9495
6945
2097
55020
42065
49454
39284
25747
30973
38060
21495
4502
26645
50179
43321
28447
51754
36354
2391
21701
22045
54461
30026
9380
26360
44434
17527
32149
20589
47695
32002
26737
32823
24909
22180
3373
54310
2110
46057
35400
9270
44127
1204
56255
56722
3053
37626
43891
25106
56386
2814
48372
52083
21365
31694
7534
14126
305
42811
6032
43941
23292
19388
12893
1111
37615
54603
44688
30929
6859
59090
11038
5509
15069
39563
6571
30422
53074
39788
31897
33208
18434
19154
17950
34502
29294
10630
13630
55603
36306
19191
33308
291
3855
52524
7967
14139
36408
51706
1269
34291
13801
34185
6559
51776
52388
15488
41675
52465
56413
7896
40
32131
44174
7642
34321
22334
51073
16290
32085
10921
48377
46218
31825
14755
25935
7590
46873
15522
42881
50695
19977
41378
34442
14778
31458
22241
47094
50772
11620
54555
29928
40930
58267
43450
58348
37262
46346
50538
49795
40090
2870
42896
21603
50366
54947
49001
15579
22178
158
38857
17598
5848
57215
44740
13096
35892
55451
229
7651
2042
39463
2229
10400
3144
2946
26656
31712
33474
28943
34775
51785
47282
22861
21181
6881
24828
58676
38798
18900
36980
24009
13137
52622
23331
839
39412
33522
11108
50739
52951
38382
21767
37755
46256
17611
52197
45424
29529
55234
11396
33959
29388
13350
22960
44079
5564
56551
23695
38942
18520
26100
36464
42312
10885
29049
18261
35536
47463
4138
36406
20163
4424
15354
37652
15404
28373
48601
29895
51626
33695
35600
51312
46030
29848
46733
16420
36395
15846
5111
26548
29223
3274
41903
21061
24350
49326
12194
49086
26144
48563
6298
43460
40969
13675
40435
42951
37660
31706
25302
54364
44605
5664
21261
40122
34321
57369
11619
9668
44370
57949
47834
3312
18834
56425
45650
12215
23270
4685
18775
18962
14046
49625
27024
52546
21442
51228
53817
44953
17118
35506
40040
20371
19721
32688
38340
40070
47262
30499
21648
14778
31069
2141
474
32243
12463
7267
16304
38954
35830
55017
37309
32148
33554
5002
8607
55870
45563
24235
32534
45939
17746
718
11040
53567
19692
41501
50233
11526
18027
17887
17793
57412
22515
41532
39306
29647
20745
56981
55547
33745
17478
51799
6904
12178
23412
13895
26403
29078
39450
41068
15630
21404
28660
32855
2959
59837
37736
44060
39027
9528
44399
2448
26028
35715
52603
10325
26351
46746
4925
39432
45954
18628
30296
45511
35553
41674
45658
9068
11732
57878
12045
12400
26180
51379
58080
5292
3938
11227
52493
35977
44062
21523
4358
14686
40491
57302
58105
14945
25840
35633
9437
45426
22130
25696
14422
39816
21223
46108
12411
48842
40171
20775
57435
3223
41293
24659
51041
13372
19422
14197
51581
25279
51082
58291
5425
38159
27250
19369
1030
46895
12174
23931
52514
28784
26937
17476
53608
57643
38157
3646
26642
35735
54361
14919
43569
21198
44653
57662
35298
33564
9803
1173
58410
41635
40107
16721
44781
43276
46090
10621
51788
14249
12861
17204
12308
3052
6944
20976
41101
13792
38903
11491
17109
58896
12121
52377
8982
47261
16867
55914
36854
48571
49158
19082
16961
20250
39344
27842
6152
34421
32072
11630
9967
58148
58258
31593
5353
8071
51763
59398
56487
22833
14115
38253
17306
8135
3473
13399
3031
28467
36367
12623
8732
11534
27930
19292
42503
46210
23244
53240
31433
20816
29540
45251
19909
57959
59216
320
31351
31457
54256
57836
54744
50819
27466
51208
44158
33367
5079
58768
5198
50664
17078
23337
11027
41467
13747
16350
31637
23659
28362
45407
19141
24306
30176
1774
11628
15217
44900
28890
27464
57233
27009
33308
21485
3823
54040
37297
11088
44466
16016
57790
27820
29714
38601
44269
41391
15759
28599
18337
9957
55087
52226
7510
58294
57698
57086
19835
38149
49571
43893
39099
54404
58416
55583
44508
36105
35213
38736
58250
53485
15317
12686
40064
21332
34286
10717
51542
43962
12995
44812
41774
36990
11809
27959
26652
8196
19178
12893
47728
25827
51914
23519
1279
14993
814
36420
29084
23262
30385
53821
2041
47140
35540
31199
51578
54292
17420
8527
51551
54603
52129
21339
58799
56032
55435
888
8073
38347
29180
25658
15229
33105
53715
41057
47817
4259
51858
10480
48566
25089
24670
42807
31600
41070
12301
47075
50140
27666
2859
7110
7552
36423
36715
12986
41732
15603
37044
3272
56114
3160
9942
4646
40484
3619
59465
23411
5957
26141
48403
10939
8980
8297
47516
46266
53063
31673
47469
28180
9452
46476
14234
7194
41604
21234
44588
19948
5060
29263
35098
35027
23579
18255
11100
29135
38221
43475
27331
53081
10531
1986
59792
33039
34908
5098
56438
33759
7948
33617
27678
48247
9423
34419
45314
26799
24969
22184
44606
34019
7102
58260
36158
9628
59645
14966
41824
2317
49287
50426
15875
54979
26530
54508
25957
19816
4736
8224
44959
32467
55796
14117
39520
20333
40546
33160
10992
619
13996
3992
27932
11867
7774
12320
4762
44495
18568
45302
49700
55774
2578
32958
46211
19394
37242
18661
30299
15933
47904
13379
45345
40143
30452
59898
27928
37903
16277
8863
38595
58139
56834
10236
15336
27309
36809
2168
56272
34363
21388
31038
39704
28212
51631
7555
2896
59612
22981
34069
50256
44601
24540
45892
36599
35033
57995
37830
15142
51726
45645
24217
25635
14995
39497
26879
8378
36606
15665
13754
8305
4059
51770
39691
57437
9744
47631
13289
8580
59828
21466
28291
53915
38984
51612
32025
18269
23918
4133
3771
46187
25823
45604
49441
43353
6191
18163
37112
36360
57136
14541
30174
2775
49968
11885
13203
38475
28001
13278
59065
14116
37111
29901
57754
14743
31436
646
6487
23725
36720
45289
39260
11714
46324
24599
47827
50671
14060
8757
9695
58766
19212
51734
23488
9298
19301
39990
2277
599
18504
23197
53900
16684
29657
24105
54071
27523
29417
26977
24334
34962
40719
6472
31228
18594
38950
26045
29430
28054
20984
46988
57307
7073
26645
56915
42946
45087
47115
37017
7664
31905
9958
40963
26689
16149
19401
44941
46205
2718
40823
24156
42598
3851
56
45791
55930
27763
21854
12371
7106
54693
28973
36620
12754
30361
37927
4396
19644
59098
47984
21704
45983
29292
26550
55904
46069
10619
13843
26089
28707
8894
36801
47932
28197
52152
33083
20547
40588
33546
42326
55262
26198
47542
27
3023
9976
32819
53642
33172
27096
11617
24128
42589
53347
16753
45769
12086
25990
41346
52173
39620
96
24138
17329
9444
52490
23379
47845
41187
21524
59162
15318
44089
36841
26452
747
12668
18571
43008
48627
1528
45339
26098
31012
54838
51399
4389
16728
24135
5108
54203
32174
44518
52162
7628
34562
23148
14301
21727
6815
34383
49388
4820
111
42220
3034
16861
2409
42659
40829
53699
17074
44563
51875
21311
10196
44168
40440
44605
46496
36291
35948
31185
19501
56198
22273
36921
33225
22933
28451
55810
5362
721
54677
3368
46501
3417
548
17054
889
31577
14894
34726
9439
7825
46069
2279
32721
52775
49313
45141
24461
16744
53733
53678
40533
27359
32363
52748
37922
9103
37797
58755
39395
14707
53001
32875
10883
4644
5602
58607
57788
42653
17948
8976
51452
7459
45807
7777
41171
1120
23722
12483
38012
21791
25266
12818
1434
59854
33121
3052
23712
35821
15708
29588
25115
15347
41665
33221
51637
785
57165
19022
51224
55797
46016
45090
29730
59550
46401
26
22065
21190
25497
11575
12792
11446
40368
32144
50771
20394
62
15039
18713
7282
40847
56337
46563
37442
23854
49347
14300
59847
22388
15398
45439
24811
12814
10621
9654
20183
24423
36299
45299
48752
2663
43386
14383
17982
51098
50637
53733
37493
53428
47061
8343
54188
46186
38941
32725
31724
38125
3566
57844
54691
37137
18356
19548
18070
36742
7515
27829
38532
3431
56634
21649
37563
15198
29503
7301
5192
39554
14904
40689
1414
44269
36490
59856
30019
12488
27108
34198
35208
32646
43596
45840
22206
13987
24358
26223
58534
45055
52293
35806
34687
37420
11165
13797
10369
37816
57786
13212
58763
17808
21835
30469
55775
8550
32396
42641
58750
1770
19032
43542
21393
7187
59907
33087
16470
58725
26056
38144
53022
58352
33103
27856
7711
9566
843
5808
24566
57708
45708
34523
57994
6351
52272
53758
54728
26133
12905
9556
19991
31870
21546
44281
45765
43516
16471
34721
33691
2756
54841
28082
54762
28401
12260
49284
18956
6277
38573
41635
2526
49514
42207
57745
1794
54426
46079
54669
53470
41182
52
17381
8691
54733
6226
33422
19460
59920
8637
13464
32300
12808
29567
25938
8825
27313
34786
220
51531
53135
42957
2814
46324
37220
51265
55478
13027
18728
9910
15431
25636
11666
16104
9871
31576
11537
38239
25863
29211
48074
7947
24639
53187
1062
29852
607
43433
51897
55042
24820
47720
41512
34408
24333
7543
41044
35623
53449
6434
54068
18290
53403
23322
40335
28675
47976
22319
16981
14508
43235
17229
12519
42353
32666
36336
44508
23106
33257
32604
6684
44816
22066
4791
3034
15195
28389
19508
29174
18097
18944
7886
1551
23236
5344
13516
36214
21079
56884
28199
41739
20768
24768
9845
28991
44298
34858
22942
653
30505
58935
23218
51668
29439
45969
24388
35596
41889
46304
9034
32405
40438
35121
15563
25672
6177
47922
32414
18667
50879
3748
53789
18475
3510
18041
32090
52816
14934
4856
14207
23772
39118
56098
49804
6511
6651
6436
3659
7519
45276
23754
27890
31026
57088
37645
3805
8771
35070
54276
21421
12182
42667
5874
10186
50199
44082
3411
7018
9609
27278
1187
1029
27266
7637
20763
39794
7243
45551
24592
37869
57081
3865
45222
58637
5214
18561
15528
49529
8850
56211
52377
56301
34420
29835
52035
18656
52940
33525
59227
59134
51139
1845
2319
32511
32520
14882
52261
55724
22115
27955
44938
21067
30080
41618
56670
51005
50991
27917
17807
27096
40529
22540
20196
37407
22452
56710
27659
44117
24738
49784
12084
46504
31340
1276
4067
20802
38363
23155
33669
12965
1373
30868
34124
43439
29305
11458
44099
25287
4865
42165
59522
55162
33483
7741
47400
41946
55810
22320
12309
2968
20811
17488
12987
35483
2783
21894
26870
28276
50007
2778
9136
45020
9994
56316
54710
8754
24434
72
5703
5804
35165
48658
31423
53733
31323
25049
42963
2897
51870
7375
32971
5578
7291
34660
9516
34977
57612
46661
18789
25432
1541
27219
26312
46827
19706
35185
42096
27203
58836
29478
56064
40257
52230
8178
15923
33615
21476
14903
3168
18277
39687
24191
7450
46806
5047
43480
49848
10662
5343
2891
28524
27944
54752
29774
58655
875
7103
40446
48167
1551
47943
5049
27316
25493
42032
6502
35504
59359
35978
48178
51082
38929
57539
48869
7097
43697
11551
21635
21166
32580
19980
53761
19866
2836
53846
42540
31145
59487
3395
17649
27172
11206
59623
43486
49895
40027
58856
34436
47238
32346
17772
57966
55273
34513
43643
32632
11081
43529
55817
12333
18733
58651
15426
13193
25313
10222
32506
44867
5733
1227
55070
7028
11099
52956
23089
46840
12977
31457
3563
22505
25512
36812
45731
45212
17338
2317
57202
46248
24209
8555
41576
21154
57211
31910
4690
47054
6701
10419
51940
31794
58070
17270
45857
55551
49677
36680
666
59105
24345
6905
43310
53390
25292
49426
59203
37274
48032
50353
12292
55625
9473
14513
10539
21105
21096
2129
20729
21379
26112
28969
40542
40521
30971
34124
57069
33816
13796
33891
35506
47904
13790
3801
28352
2226
16190
50807
15339
37783
24993
59258
21613
10730
3336
58442
46324
41502
40390
15933
34890
33055
25251
56635
6762
34331
24056
13033
17136
30945
5719
57898
10442
40700
39529
44611
34699
57385
6245
19788
16603
49588
2960
38813
50878
17394
5987
40131
33919
55910
31233
8434
12854
319
50580
20573
13503
32376
55694
3835
35523
28526
46182
17547
41610
21026
35721
9481
38738
34510
45075
44859
5230
3362
4789
2303
55290
28213
24104
3759
8213
49126
2989
5945
399
9650
1005
3728
57572
32374
42892
50483
10636
58139
50923
42214
37551
56098
14858
56499
16914
53744
36082
47045
54836
45511
35051
45249
12753
51693
56017
21843
38956
41404
41491
55814
10009
16786
59990
17970
59315
40469
20586
23309
38963
1524
24029
53581
7620
4017
26258
58363
56210
15399
59586
49246
56479
32413
5064
52172
34567
29012
18235
45914
59240
59167
107
24823
29197
10295
30148
12759
44600
14346
9387
49869
6669
48898
42269
775
32730
8077
26024
6432
21366
16150
12279
32305
3740
41897
19518
47234
13447
55631
47807
10352
37071
26021
29766
8151
36797
20346
58967
6474
53100
24580
56061
45957
58814
23278
20734
17909
19122
2273
58009
57943
43106
56266
46170
59134
39173
39200
27712
43133
26716
15121
35975
16200
10108
53127
37252
46959
7772
31401
34964
50889
38659
52486
59626
7245
12883
8439
25728
43429
59159
11888
3393
10314
58534
19105
56502
29402
45407
20598
24758
55780
26457
32895
6290
30578
40774
2802
8504
36277
32052
43928
18801
14031
55633
24920
26085
56506
11610
48298
19599
41492
45654
29408
47552
41927
51676
10966
36174
18926
10137
31922
32654
39002
50239
57458
40603
26700
26263
2329
9183
14254
34274
29834
1801
34789
13585
54312
59787
38119
19930
1896
43450
42703
59965
31207
50916
46739
28339
11875
19211
1270
3188
37673
21561
39565
25154
30999
33693
14720
34982
6394
43852
6652
8976
39693
25933
51531
56192
30049
28460
59892
25961
37051
14211
11886
37328
51090
32060
46257
24314
26650
37863
2227
10428
52192
24673
34979
29825
47816
41043
27199
48386
29171
55581
26606
41739
2906
3022
13711
47142
21426
20782
55016
11856
8694
5320
30013
18540
33702
45770
27143
5513
28736
7986
15387
1920
37866
2548
6036
50549
18462
26637
36659
2664
53463
38428
9500
9243
7102
31650
59389
45254
44597
28915
19278
22125
31850
32994
56646
25844
45967
47683
47791
41756
3106
48081
34037
56722
7673
24143
27684
36208
49347
31528
53039
34909
48911
46003
5222
3854
27171
35518
33085
18581
45872
16434
54890
12354
16793
14652
22770
19031
33125
26660
11627
5828
3162
36121
15087
16571
56728
8715
42804
43710
46609
37633
29656
16126
6890
43756
12173
11303
37336
21163
44248
16435
37595
39277
5230
20507
54760
22066
50947
58463
21943
3830
51532
33819
39928
22695
22204
799
52039
42039
11519
28958
46592
5446
55997
10612
56854
22696
43502
9388
49575
57294
49637
41651
52726
51072
9912
13292
20029
54366
900
15969
1311
47437
51965
59772
40303
23711
12087
7526
20687
799
15941
41559
39706
29085
34532
34882
22725
26513
55921
9571
51266
55864
7628
32298
16753
26684
7682
28003
18083
53137
28073
3016
3063
43035
346
49833
26259
30452
12293
39860
15932
8232
45051
21814
33612
41258
44666
43886
22100
3518
8609
3221
51613
53084
55735
8221
53455
17393
54636
3673
18925
49965
41880
2591
15913
58540
40028
7327
50714
39014
22967
26580
1641
20524
31510
32002
4303
13240
58813
1895
53815
56972
22691
14513
16276
18820
4880
19042
55199
22930
43850
30753
11266
17667
31529
33143
7834
42501
42784
10951
54656
49703
30803
7177
20458
32573
12786
54496
28458
7749
39170
55631
16719
24940
55728
37354
51812
44682
10608
38692
8955
37097
21703
33912
44904
3036
33576
10517
33750
54314
31479
31800
48191
4806
26052
55440
19263
20250
55431
48299
46644
6586
55646
10965
28714
39591
29491
4828
29866
42518
6781
11397
36137
51244
33773
54190
19243
40766
34855
32400
22983
37499
17537
25579
54384
58980
36889
47012
7251
56233
50837
58287
56739
17485
44071
3910
12272
57848
20081
20377
30499
43903
31965
43384
5283
16788
41693
3385
12112
21876
33772
30543
54658
14111
46591
50952
7663
9611
4849
12067
48113
3698
4281
18246
15542
36266
42774
28996
43667
20920
58650
18828
34498
3320
56348
43564
16350
33216
1947
3307
11840
14722
1645
55094
54732
50190
56325
48784
51160
15978
2938
43457
50344
5293
56992
24858
7586
52423
54365
56194
46179
36672
55014
14792
25000
39958
13788
3025
52727
911
5145
34356
49216
10355
10477
46784
25036
26953
3940
48571
6224
7413
54674
27031
3373
5779
55322
17080
6770
58534
53595
59328
44943
32571
6175
52236
9978
39597
57173
32772
40122
11929
1703
9428
59905
52428
4443
180
10568
55044
22789
2178
42959
46196
21482
26639
12755
44887
56696
44414
41023
36755
37147
43087
47866
51827
25405
27486
43505
1336
37505
57290
3762
15071
28954
36797
32171
45131
2310
49531
6437
48869
13608
15176
36058
35328
27301
35411
42562
56740
20461
16882
25894
40520
59664
23271
55046
52015
28821
54784
18304
32457
1972
58671
22598
21416
49888
8378
52177
27774
9226
32160
7943
9061
25901
46293
2284
5032
31519
4960
47933
22616
49273
48602
46117
7944
4596
5368
49163
1294
7580
8354
22316
22840
3525
2379
30711
12313
9655
46327
37505
32371
27726
1148
5388
36815
37494
26290
51527
46010
4494
32604
34697
32276
56344
27329
6673
15613
57865
18665
36598
48887
10533
59393
37779
59019
4981
40244
6172
42924
31235
39703
14523
54648
9966
53989
8249
24406
12872
59559
44497
52522
46807
44056
40622
1169
20589
12862
57189
881
21894
38887
34415
3731
42862
34507
20971
26582
44296
8401
57354
6343
15003
44286
16382
13723
45817
39885
13193
9199
29705
8013
5304
56889
7518
48310
23161
10904
23292
43046
43907
36458
29833
41917
55535
41780
4868
33196
20995
48293
49891
32267
20893
5900
15876
51245
40036
56993
55504
15953
24592
2417
31183
11824
43905
42618
33338
56068
41946
17189
8936
52692
45378
45546
36792
48470
4206
50101
59141
51603
7588
54852
28511
47241
38475
47374
59470
46590
55279
57369
1493
28548
24020
12677
23296
2116
27116
42728
50532
38949
13187
12869
27470
11926
4069
38296
31344
33847
57755
6977
39965
5842
57071
56654
15406
54171
52990
33449
55856
32861
29582
19883
30513
22811
15565
57441
22475
11652
29069
36531
13881
57962
24518
12307
19012
1482
21025
28405
29185
14700
16034
18025
1085
39976
58637
48194
6416
16580
4772
20044
56796
29113
365
7922
12236
15998
6239
15486
6503
50556
23689
27487
1625
48031
12250
45407
41860
49763
8687
21411
24638
14757
30111
1231
43897
10428
44789
16656
9767
50490
31985
30617
90
19365
11691
19070
34770
11832
41096
51595
38927
30336
46207
50739
7777
16654
21793
7008
41162
22129
34752
53642
36108
25809
32896
20393
1682
31651
36749
59790
42212
9503
22697
23664
39986
12060
51075
52155
54402
53022
43000
46775
44405
31033
33300
43375
3857
22014
30920
45404
53556
31157
45432
35453
45140
49341
18617
17980
15105
53450
7255
23603
33069
36460
31375
50368
46205
48579
51858
36499
25648
27048
48136
6098
3581
11662
45293
41438
18458
17546
32402
56410
168
31394
8207
9087
25271
42313
56918
41479
36844
17972
51385
31259
38413
29759
10571
7322
57248
13393
10017
23833
49720
16796
24773
37823
10071
24919
36542
19465
44008
6880
32464
39200
45960
9787
7401
12573
36490
37782
28109
5043
59959
34126
58826
11103
53133
23350
41681
21848
39283
29483
23490
25904
55626
53993
20194
12122
28352
47097
24823
10774
14435
56432
19314
47444
14650
24415
1478
5035
33802
31642
51178
4150
1686
45784
48938
54893
37106
27981
49359
45072
54522
55686
29139
5764
1338
16320
21775
37512
41594
30803
9806
10226
41832
30695
24604
26427
49258
43714
25673
36825
52521
29055
23526
21274
29084
14559
43399
26125
9700
27377
10831
9937
8644
38301
6710
38957
11902
38231
29056
45959
8386
54955
47986
24151
48869
9497
29557
48144
34018
43689
57919
11429
47333
40492
4659
35324
44002
52769
52170
53968
49973
50871
25923
11067
48299
45368
153
39369
29434
7433
27886
20630
46579
32051
14158
44722
28292
40310
4622
45211
8005
36825
59598
48496
6632
21611
14796
26233
39241
56261
25986
27893
50450
32164
59163
22900
4384
7508
37050
17628
26838
23104
46569
22792
18043
47493
9148
22387
1788
10556
36169
59962
4156
14225
54717
1254
18090
42571
49827
44943
21709
15222
37847
3442
10081
25976
35374
54058
6845
22169
12913
50980
33735
33632
35318
14602
464
27807
33839
17397
36877
51042
44676
6559
32003
50597
23053
59658
53623
17050
19945
2503
50976
28369
43273
41785
11873
9122
43954
11593
6390
47940
27524
59708
9259
21263
58688
47104
5710
37500
59906
38316
13012
31046
48235
3394
36071
45269
5276
438
19870
31060
45828
40678
13201
41680
30666
4395
57232
17247
31040
10423
48839
14990
32422
35914
15525
7354
17117
699
31628
54336
51988
35796
29705
46752
27148
26520
35849
16640
14039
18540
36878
52890
33804
9535
236
13741
11080
53885
27697
4992
34024
30581
38902
47907
1338
40655
20056
13413
14229
48971
26396
27616
57383
31550
21442
49445
13321
27065
30951
45085
32327
49710
34266
45947
20847
29426
26062
2632
7160
2303
19749
18317
35032
37668
58914
50429
36271
34352
45092
35863
9415
11526
45398
747
46268
38809
23650
7628
30099
54379
11518
14921
15477
48456
46296
30347
49361
50503
7244
50704
6111
57024
23136
48588
43360
29091
20487
7794
470
57050
58899
20474
29347
9678
14547
14622
51584
16554
19463
25218
56034
44037
44725
47263
39288
52941
15539
56619
17056
57351
36186
35174
35785
25821
14689
3456
28332
43322
282
15460
56956
57044
50074
53101
4096
8403
55089
51247
10796
12915
57421
20119
54602
42359
55966
3479
975
24391
5278
47824
27710
44091
8593
46161
53954
50736
56379
45300
10931
7207
48272
41605
59881
37281
6254
14464
52275
16961
16066
28098
41209
8062
11116
4572
55225
9701
3252
55779
3187
1461
27058
45402
13825
25088
25365
27861
51224
14798
16156
10034
36067
12122
40616
28769
39721
22376
23770
29690
20989
40946
13602
50725
41023
38249
49908
55932
44683
33541
40758
46816
37596
25111
25608
35573
16643
18780
42440
29143
39836
58375
19790
15711
8204
48272
20158
47130
10969
43549
34353
37109
59561
45546
6251
48664
7471
26372
43104
26275
18738
27615
16097
44530
26581
43869
54708
50940
23037
10363
44030
2978
10909
37558
47851
29684
22379
4181
9949
1193
13619
13582
14559
55548
2866
29191
26148
28522
54561
43909
32863
4735
14364
35083
18416
17734
48029
56517
17056
4581
31621
5004
20617
57264
9086
16951
20126
27023
26221
6269
44791
59913
17479
20194
5760
9436
17041
44135
32349
1535
32779
2763
19377
14021
20181
17269
2882
22694
35369
26393
30010
11506
19088
57211
33817
1767
43803
55947
18427
37712
53403
58522
59495
34325
3828
38290
33761
57302
19995
54516
8232
44306
5506
59051
38758
2725
19876
31046
6236
14900
41863
13784
48994
54187
6066
45181
15267
37451
40701
29819
45492
15562
39012
18033
31391
1937
40756
6420
30003
6805
38595
43461
34495
28884
49580
58714
40595
44833
51493
8448
10932
12756
13087
21932
16850
21412
47019
5215
35141
27065
27761
287
46832
27001
53337
46000
21395
4800
48115
22974
41745
52207
7094
44002
10593
42644
41506
6256
7772
36462
55193
14875
55614
2038
14350
53692
34165
30814
1665
28470
15326
23195
12251
28310
53201
18307
37760
8405
42745
57516
17639
42387
44588
51325
46265
3917
2912
17925
45830
36885
40992
46702
45473
889
21913
11240
36030
36934
48573
12887
485
52466
24704
40280
52550
57547
44025
18068
3154
57148
35151
44188
28334
47988
38404
45856
12151
8912
12295
8130
46723
40703
31965
52309
18474
34776
569
864
7501
1824
22290
46121
39305
1914
50979
13095
2609
31462
40311
31984
40727
40005
39420
33516
24352
5601
18842
16603
36415
23838
26955
6690
38378
632
21132
25300
22376
56555
5879
15355
24693
7778
50266
34183
7045
15996
12241
39530
38591
39238
1966
32628
7627
25455
55224
36598
20352
7164
28113
49933
45467
56594
20084
26364
20478
38424
22115
24813
23585
16945
22914
20477
37108
34546
28323
42613
20955
50755
30289
920
45765
41355
15911
26210
46460
11805
28403
29914
22473
12114
26231
36015
8731
3772
4692
35047
52048
49
17007
34213
41024
12016
34846
46548
4870
27966
28476
30936
48831
25293
30514
45227
31093
21262
23517
25577
8143
18467
49720
56026
35283
18477
17099
39094
25484
837
6152
7119
15329
34426
44111
17007
27075
36601
9900
18591
49718
37497
49674
39170
14045
15820
43272
24577
4057
57745
57003
53228
27873
21683
43103
28489
35024
31387
2830
50068
17163
2232
29051
11051
51648
19300
25886
50502
22802
48530
59148
17357
26190
24930
3586
8890
1738
2824
27601
36485
5929
37778
27558
16889
7584
25177
7345
629
45308
29880
37699
14197
49448
37808
29017
36416
44816
59056
20161
10392
16786
46511
30250
37522
55350
55243
28442
46805
35576
9423
13388
47224
48567
10156
32292
58915
55517
39728
39360
29948
29117
54406
8707
47448
27560
22486
31904
51168
5359
53759
57501
21341
40232
14340
16080
54671
40216
47491
4162
38878
29786
19986
6772
45224
11073
23268
13546
28802
1907
54917
56234
55900
58390
48956
4805
31058
34822
33550
44666
24818
51426
32377
16110
16225
20637
35505
54742
42978
33133
5407
11305
54309
12146
44453
58042
2669
34454
24486
7107
8800
54587
43596
54522
54484
37510
39701
22151
42638
19284
18729
12846
56149
48004
6430
54588
35530
36067
8674
6888
29933
23609
31606
12884
20279
55264
37807
42151
6526
49543
23005
6760
33368
2846
17142
38711
479
14812
40062
14316
20505
39140
11899
36677
36338
10583
19523
1414
12406
6780
42437
12592
12871
14711
36433
3924
46552
18953
49827
23055
14422
36425
59174
39803
10623
50317
34988
25963
59695
41586
49325
3940
59290
6676
266
30135
2768
28134
11236
16571
2066
45684
51725
28073
58265
13856
39676
46920
9452
25690
22248
57926
32068
22613
59744
10937
13547
6855
46447
43221
29039
52266
23078
25532
43480
38669
45900
30061
7276
5336
25829
34150
47852
20117
32805
17165
49361
27547
18192
54798
53907
48161
55453
52890
43845
13357
53435
37257
48839
48175
3684
58127
36600
54661
26055
50444
48563
40706
58872
34306
6991
18015
52496
7312
23641
12767
49139
49217
9350
17223
34375
36103
29965
27939
49677
22894
49057
49527
3560
28661
54864
13244
21542
3819
53107
47376
45544
31402
33727
29370
975
47994
19793
30443
3343
50660
22198
20822
15016
21785
18249
4628
59670
57469
27236
16005
24858
7166
3439
10445
33377
38346
53044
11467
29322
24083
20780
59
39412
26854
25888
5074
54026
10022
25382
42433
5411
25332
7666
27788
58707
48076
1383
35652
55620
32507
40166
5644
23802
2558
35228
26845
36138
3761
41304
47744
12229
4832
34116
34260
987
670
51296
10057
685
44924
19267
52383
5619
5663
37298
13568
27418
56725
25655
38985
29849
36496
11887
22013
42977
12479
58477
43248
12951
48314
36427
13075
35005
25466
20836
31989
57438
3254
53343
52101
4684
37976
5528
38538
56914
57660
45301
39978
34520
37976
33043
43328
2747
50957
43564
8127
42014
42441
37924
46645
47111
34883
17544
30250
7408
2364
17808
47968
50105
57547
35160
57455
35177
19416
30280
33434
54717
32338
1339
56802
14926
53937
59975
20840
51828
32358
53467
50000
39367
18614
17246
49042
8035
936
8499
41310
12064
5460
39801
35294
46738
59311
49289
10245
56408
10408
58901
39764
1006
13581
44355
10680
58030
16255
41605
41100
42119
54396
23267
5924
7278
21640
29733
28348
48693
46443
6434
35491
3010
27253
43559
56814
39742
2638
34217
49807
2305
11482
9592
10420
58641
49405
31853
35625
26515
15911
56809
44717
20230
47257
11334
50742
16635
11351
27830
14798
38561
52382
22401
27577
7745
55781
15815
49905
43806
46375
4060
43676
22076
50289
7290
19451
37766
29286
20884
31576
2338
51291
57347
45382
34995
21338
31276
57853
29639
13787
46245
51446
51999
31187
37863
28137
14937
49564
30623
54382
29873
17419
23290
45094
42456
53981
34599
5484
52776
15295
57593
55607
11236
8203
33977
39834
52017
42581
39765
7040
27741
51774
10073
41534
31034
32731
10173
29154
7427
19040
1736
54607
26621
50211
10206
55397
28246
48486
49323
21749
43272
24332
48981
33674
52278
29376
55620
50146
51605
55928
40994
50784
33732
22462
35784
56112
3633
35830
21465
26195
5149
55912
44376
33156
41719
48976
27953
43795
9291
1596
32827
14283
7917
56794
34900
42655
35555
32472
40533
53418
23367
21272
59524
45191
39454
51111
3565
2040
38535
13075
8386
52842
6262
48024
44282
40772
6693
51326
34508
2354
57268
47870
55063
50544
42268
3544
8118
44409
27293
5153
59999
32660
45360
47085
44392
45293
12473
17196
14701
19596
35225
17531
45018
25896
34087
1642
55435
2667
31825
1358
32726
48702
1260
28261
17402
3566
3789
10915
58651
51053
15624
14426
46007
10007
4303
12959
42858
27844
7396
25679
23956
9973
55936
11487
43501
25608
23166
38372
11777
38787
15044
6880
47465
41962
38003
13639
41670
25237
34907
25495
20932
14803
42778
43923
36621
38506
29188
38163
39081
18994
54677
30488
51749
31152
34313
44333
3634
15926
57895
697
27126
8829
45704
1649
40941
53892
47211
33322
43886
13441
10801
5853
28700
44815
23951
44946
20945
14351
21218
35487
3497
1440
30466
48453
7686
27285
55507
35645
753
50423
39262
5983
5603
20015
24027
23026
37540
36029
11753
7482
59972
7782
51020
55339
48411
39416
41346
9263
58647
22157
7804
19989
50937
53726
6738
57457
31676
4962
1257
45940
25848
55298
24342
5337
53610
52203
34384
45744
49006
46423
39884
48996
14544
58782
47203
12112
46828
59506
14518
33781
24792
17171
1921
43024
54567
34306
48047
23456
6393
28850
32862
53629
38946
21476
18653
51393
21187
18542
6719
58183
35819
41989
10192
8512
4108
45715
127
55759
56543
56854
45363
40709
55414
30879
30798
17639
19174
22573
17935
6085
46739
6269
37432
39038
1381
43858
38764
48267
39229
44331
18606
21130
36510
3225
29525
43309
34574
9294
40524
13970
33748
9401
23906
4020
32420
7797
21850
25235
8273
57169
35019
50938
27120
18525
55541
823
57863
11951
28632
37800
36738
50581
1271
5796
57078
16713
43871
3823
13898
59936
9981
4761
14992
13059
44271
43140
53928
41815
45143
52719
36958
34582
48316
6134
25069
54179
5824
33766
55038
7859
47903
19642
42067
23513
35550
14182
23934
40874
35926
37018
40915
9189
47385
44695
39317
24168
58811
35487
17784
2507
23875
20594
49869
30707
49792
8940
24885
50149
23149
29488
6173
18600
988
11724
4795
49499
19558
12337
30898
20195
18242
28565
41669
46503
28696
31432
75
29675
9131
55429
5173
10851
40779
21287
3205
27452
35260
36669
6523
58982
34680
47638
14892
50958
20852
36526
28965
4080
5522
59149
53267
34423
28935
33628
50721
33433
43478
51050
6324
8029
38691
57042
38384
28388
11674
2565
5995
26271
25291
29213
53003
2771
25133
4005
22927
18610
23686
28743
50459
29644
48893
55346
7678
49474
52403
17430
56788
3751
40415
52083
11751
29917
21777
56996
25372
38180
16670
56690
4932
19254
13514
24917
771
34225
16989
30112
18815
50241
41804
2455
9851
2821
51645
10219
29761
3891
7721
23017
58858
3448
46277
50014
28089
1213
10205
32922
18159
372
52718
4716
2651
29074
944
22825
58388
2058
41628
45960
32235
18126
28354
8629
38048
43415
43124
5930
40355
21942
40483
31479
54657
53589
22723
52805
43212
52570
38695
25122
15702
24945
24810
42159
56564
10418
57684
5796
26406
41618
17642
56633
12511
26633
35087
9737
22265
55518
17328
34671
57407
26506
30097
36486
20295
19649
17805
651
12933
20431
29623
23221
44941
44169
38480
58466
40519
55060
58163
51416
30966
30867
1380
4843
41827
11999
45567
4555
28700
51692
14263
5747
2595
17966
57550
24910
23818
22207
22326
2139
10478
39521
2052
43203
1368
19712
17459
9728
48136
45622
18604
2672
7401
28419
21712
46855
54330
36692
7328
30317
43126
58434
17673
55005
38434
35241
59944
5899
41346
45888
11171
18633
3859
36384
56767
18105
57852
40289
46594
47065
50266
50584
5259
50684
3805
24754
20069
43457
20665
47355
56791
54073
49438
29018
38683
35162
38607
2876
23887
57121
13955
55878
55341
46095
34018
25454
30652
57926
36925
11825
7295
46196
10511
46486
36608
1096
43357
14484
32253
50904
20837
20914
973
47204
27727
2768
13914
13103
32604
30493
33660
7847
26585
23510
2897
23959
48563
55215
54271
6161
40729
42070
6222
34758
31784
14696
15328
19140
11469
42636
33033
34473
42063
35637
10000
7014
33590
10020
22240
38817
28467
47466
22206
23989
577
10242
25431
57860
7010
19794
58585
41540
3530
15350
46706
17936
9732
19113
14942
39489
26483
23680
45716
31952
40170
52031
16849
13011
48185
56839
22201
38649
43753
19043
13448
22269
35044
6594
51754
22657
582
9830
17100
28303
57279
42309
24064
32411
32405
8506
25712
33531
42010
25053
51777
56613
58561
32062
18551
19977
52029
4254
8727
57412
28008
21717
29914
30495
4604
13770
57093
18997
16247
59151
57311
32396
38026
7942
9794
33711
26892
36073
21790
14483
47676
29827
55835
48239
32028
1648
24555
30848
36815
41572
45724
58332
14525
39222
23113
54509
27258
57780
6591
26099
52845
49248
25492
34144
11187
22967
38942
52269
52015
54809
8001
34104
59134
5395
39351
2075
39752
13922
7743
1442
11156
19189
40981
40046
35791
3240
34765
34726
19020
44388
23475
28005
15397
17148
28511
40434
17914
20565
1385
45408
53448
45628
33464
4752
5905
33771
30446
23689
20034
27137
45094
7854
43633
45965
30663
27362
28057
53536
13081
13299
12463
12854
29473
35283
2326
3672
50703
48266
16426
39293
395
6242
38320
29649
32469
32727
9089
52338
13186
12450
54695
28669
58189
51714
25015
11229
56654
24044
104
54098
42924
3095
2802
54521
1188
604
7743
33365
57102
42240
15557
40859
13622
51951
1001
58126
55436
48297
31421
4864
9734
10987
11348
58926
20090
26335
8721
1152
18248
31489
39036
39922
29889
26761
19506
26032
32321
20215
4131
28585
56152
2669
39174
16762
13613
38218
12698
34621
51699
53576
26273
27350
56069
13561
25819
16075
25378
38515
2440
43687
56177
35905
51808
18794
22977
27048
56490
22841
21095
39980
51468
23345
30074
53970
58811
17835
49202
3861
24652
5105
28744
9844
15035
14019
6759
35389
3091
553
25709
36612
39986
7528
55081
31431
32534
34959
43929
31751
25817
54441
20032
24390
2553
22158
47425
32904
26167
49842
52446
28875
46530
28127
45241
23912
2460
36699
24262
28333
24067
37784
34027
27983
48633
16010
10954
10467
58536
11986
22011
29616
29352
35798
46195
273
38389
10436
35757
3572
35990
14794
49305
52013
52004
1650
37105
55832
21453
55632
44828
48318
12402
43566
33152
45476
4292
24700
56601
41632
12373
4993
24640
3740
47402
35394
30052
55777
37168
47432
39873
58659
5480
49842
4366
30288
2182
16103
54352
17573
12922
27226
17102
31586
15379
28991
29764
17179
11309
12726
39755
26803
57445
11024
15142
21970
44124
4534
45780
56611
48033
45616
52059
22742
46817
13093
54588
36641
59886
16745
54142
14945
48893
18836
6828
39476
2089
18759
23373
34457
24008
24890
42503
2497
2766
19007
4492
42235
22539
31040
58172
32815
6420
28001
41107
57601
15556
7657
59812
39473
11031
3356
11770
3329
20054
44508
17947
15008
24259
25674
6538
55471
5518
51415
51206
56720
22631
54899
57322
35479
3903
26447
49699
56977
56540
54012
59547
15855
31647
19373
44763
15557
14477
27711
32422
31757
35859
6111
45187
13035
15072
7555
13597
46538
53235
40857
20140
50432
41563
12743
16722
922
36125
54825
17508
41472
34455
56662
9195
9935
1489
5790
30947
15315
17104
45462
11798
47021
54319
10587
46461
56341
38650
36831
2070
43684
10953
27939
31425
35514
52332
24583
53181
33289
54958
56640
43895
14608
24683
45134
51102
21939
8862
31120
45013
16307
24677
4040
10925
2317
11249
46266
14376
56215
4477
56556
17964
42419
58729
16506
23876
32612
1746
34985
25099
25531
52635
13489
53847
36185
19517
48624
35144
52174
9399
26534
56
58554
12062
1058
58263
8907
42199
17101
317
54914
32382
3226
6620
6379
51784
20921
46423
51251
17188
2675
1339
5416
59023
54653
40521
23066
20308
9052
8678
41242
54064
28711
52474
40522
15251
17623
9825
2220
347
57341
35058
7889
53664
51349
42542
1054
59692
10355
55866
20550
47556
37125
57874
35732
23083
8436
40563
57068
43029
46028
29572
16799
44383
21679
54475
57922
38680
18703
28450
25400
57630
42948
40599
42520
2572
32121
11163
4301
30033
15997
42659
26567
20256
56639
6731
22420
41076
52008
56224
22966
23310
49574
59161
54338
48453
39944
41613
59369
35292
18821
15327
29127
28420
2382
41749
33803
18621
54086
16322
13069
36648
52313
7963
17854
46034
54251
7929
45395
35170
31114
22078
332
37298
10696
24266
4773
42548
40287
45382
59424
6197
10902
44412
12843
23850
22428
20495
47837
40486
24054
19369
53123
37764
16510
50444
17271
21238
45668
23371
25570
38825
27384
57760
29769
17739
50882
8761
10482
8309
45669
30940
56168
50159
7180
33974
53423
31601
6155
30353
44770
53830
52041
4496
31526
36398
49636
53889
34216
31547
20975
52853
55401
11935
31491
52426
27898
50021
55477
31961
51537
1968
47760
9430
26633
54008
19977
21000
30967
8950
8366
29694
35252
30929
42433
938
39811
41612
12406
49582
13624
9007
54688
10234
54908
59769
51322
44510
50644
5473
54261
7651
54236
24285
50288
48478
28414
5219
39839
21612
4345
5079
26061
31593
49923
22268
37023
39800
24973
33416
23802
21202
42475
39800
6755
25906
10179
54064
59635
16994
44374
52537
48931
33607
402
41418
1701
17284
56105
24385
32242
28689
51865
53587
31773
27137
404
23690
8303
52328
33549
3742
41152
5041
25120
50583
15523
58769
3209
36126
57740
37610
51841
19428
34420
12923
31695
41430
24723
38187
41677
57912
1513
26031
1928
38200
39820
50575
29371
2576
17993
35479
49727
33827
26970
31313
35993
57304
36562
51149
29711
38248
37858
22594
45898
42046
28446
51646
38973
40188
50329
55261
49969
24498
25406
31551
8766
43947
20976
53673
30826
24858
57231
12835
40145
45534
59647
53841
10782
31302
50798
24391
47028
29044
16423
7126
11481
22985
8429
43426
23905
14982
59628
9324
4042
6066
6349
37992
42279
13474
56507
53955
45238
22713
45549
34046
17445
5322
51852
44811
29167
24027
27876
20299
16293
41944
33797
20232
30425
44180
10109
49747
56642
45938
10757
56328
38064
50237
16615
46950
59590
30924
33728
661
39506
10124
9854
24022
5029
22010
33896
59917
58253
10993
15276
35004
38094
47899
56978
31104
13557
623
6970
2105
3713
8086
4051
48676
54343
36566
29241
47475
13014
40169
50645
41933
52970
39240
22865
35059
40003
21444
36056
45549
58092
24384
18499
30979
23083
44868
35642
41853
19919
37939
35219
56121
21241
59448
43520
32378
4450
50084
16925
17726
9047
23275
25141
5527
456
14916
28613
42572
16138
23047
25353
5910
10460
29984
20976
14415
39134
42324
21163
28176
42721
40224
33114
14802
45024
34385
57970
20125
56443
306
58065
1306
27953
43195
11736
1591
2125
12462
40673
7307
29753
33752
42619
16410
20889
11725
12443
26371
55996
653
20059
8128
18931
40743
15677
59351
43122
50656
46242
16533
3182
30623
51741
40458
2871
20161
33647
5710
8355
11071
22119
45520
1339
32966
10396
58080
46750
51788
50113
48519
3022
29905
33947
32869
55125
22672
47366
17541
27485
55917
9996
23972
44848
3435
47648
8644
32313
40794
45898
19282
55733
40794
33356
934
22168
25893
42473
32526
42436
52317
45203
8662
32641
12498
3953
56208
21143
7189
36888
46047
23131
21749
14245
56733
22972
36927
6471
32177
57417
9533
4943
38879
44860
36146
10096
49094
8794
25970
15591
17704
55428
20173
43908
15858
56819
8310
19560
37706
16079
3467
50424
8721
49851
54319
42533
16878
48859
15370
26670
33989
49470
8292
19012
3797
24976
51823
22541
5089
48979
39100
43321
30621
31141
53326
28669
12148
39321
53601
46287
33413
37623
30232
4908
53208
9533
11973
8976
20239
56776
48079
22216
46698
32093
7932
5512
44527
26482
5819
36313
47088
44980
52430
41836
57502
51553
50405
47703
5282
6632
55567
3492
37603
21188
38752
44486
42839
36875
44789
21746
28651
18353
20473
19745
22662
45433
8295
29402
15892
13922
8683
37950
39772
56255
24236
6738
59792
2897
27713
2707
59276
59383
53058
49215
3573
35307
6660
5688
21142
24787
7560
22316
39898
7508
59539
35302
5257
56670
50378
14062
58535
52284
42432
5428
9532
59511
35997
54425
4368
35524
52200
19224
39987
48498
6029
41987
10872
22285
30567
24583
33582
301
40788
59259
11533
13073
26251
32324
42714
30068
11999
45215
49297
33960
28978
45444
4274
8580
42587
18299
21459
19691
15774
57541
34392
55602
23490
47342
40537
59933
4730
17805
17081
28593
56973
58768
8251
33818
56772
42453
8429
31809
45032
29320
4088
40752
29248
42433
10966
101
46925
9848
12710
51785
25605
44670
47762
37231
42363
47990
3386
13797
40403
56590
11295
34221
7339
51327
56039
37366
43610
51506
31354
44471
53398
24441
55485
33248
18858
7484
43046
50954
29254
28650
13036
37236
28268
1506
31699
41512
5110
13798
50288
15471
23739
13757
35947
27182
52702
36350
28423
51979
33543
41019
28664
8225
17815
20616
18597
4642
30752
28497
24863
42766
50810
32940
26371
57704
48646
49462
12511
37827
20654
19457
11781
41130
56472
35246
49628
23957
2377
50164
15051
17482
45074
58250
38848
41558
8674
28184
2281
11974
53328
59058
49970
53713
53865
11734
26060
38105
11521
36927
42550
33030
1645
25164
46328
3429
57630
50871
8606
11400
300
35002
49303
13519
54177
11397
9486
57799
51050
38862
45547
35890
36040
51802
40473
26157
37075
49794
42214
13914
7582
661
41767
27717
27916
42403
25190
7095
28867
46844
1651
16894
4195
40387
18151
45744
46198
2972
401
4000
31211
41991
32935
22891
33727
842
55499
33476
10893
50680
44089
49257
50059
24008
7323
4787
13647
11222
59008
10072
22290
50629
40661
503
25403
8129
45466
1095
29865
40197
7668
48161
47015
31585
43590
40221
17943
44175
41099
38632
12747
21118
6832
11078
21383
2868
34044
45571
7661
46483
48999
18659
43422
23094
34777
51107
23790
51493
11708
33830
19248
42581
44962
43601
30398
47307
15839
37669
41395
27248
5864
3552
3294
27742
29800
38370
29174
38736
37117
17250
27337
42856
59461
40512
56331
23578
24361
26953
38205
4863
38991
44090
21393
49016
18114
45401
45752
39455
19866
35099
19672
53164
30267
49395
26776
28469
43510
40858
35914
50912
33408
6028
26799
42866
36416
11189
3655
28902
49651
25152
26830
47522
58519
802
6419
44457
58077
11299
4317
21714
26666
27684
32913
3084
33665
18987
13321
59930
49514
55452
58484
17516
37181
48921
31481
40664
26505
8465
33422
48759
50182
40168
57612
18387
29138
905
52290
16509
30677
28457
6551
18037
24715
13972
51830
25256
41014
20135
34719
11552
6463
12316
3606
57743
12611
25696
18981
24553
2487
41569
57545
34085
23431
12731
4994
22940
27741
49626
45994
28444
20218
29080
9235
6441
53267
5848
3803
33826
1619
43941
14267
39176
27061
29519
12947
44285
21791
56275
14819
10202
52665
41916
11705
49210
10557
34741
35544
16163
25908
57277
9691
189
9268
57283
17327
42116
8441
50799
29394
59520
49889
57696
3814
26169
29047
26738
3084
45023
58277
21421
9575
53112
23312
4483
46188
56813
43907
6603
39654
31896
58200
15709
45266
16131
12384
47932
45823
45635
33227
51239
22817
15550
16014
29351
6531
7137
46922
31875
1184
52115
24398
51694
39470
27748
45409
23983
3522
45014
12994
23017
49333
35422
6351
18135
38454
5529
51298
32775
47716
1939
16809
1791
56666
13393
5373
58322
25556
8868
49292
46634
49097
36817
17623
31620
3530
21825
47755
58454
6757
47217
30943
9397
15584
52490
11454
17201
44899
10892
36760
16103
32780
10239
18784
47366
11242
21847
24235
33147
12909
49365
11064
31555
30140
26524
20762
13673
45669
30766
4611
47365
21625
50867
33780
1765
10997
39534
33117
33480
46868
37169
23226
49478
43458
11630
56510
41567
59065
27938
39379
7977
25920
18948
19632
17499
24130
35915
53491
39670
42595
16703
50346
1838
4126
42993
33902
9454
13218
12222
14472
21784
931
43235
49412
44063
23370
50001
783
2239
58721
7407
31912
59621
19583
51578
27365
39573
25513
19702
39551
39230
51200
22352
19330
58383
8131
27365
47490
53221
50440
327
18059
6855
46161
10247
36959
26779
13417
12906
54358
38758
20623
50109
31571
11489
43596
49518
13570
38802
5461
11725
15372
38840
26918
51369
58222
1555
42849
29423
16622
55099
58979
51400
53494
12902
55043
22662
12063
48052
554
2312
16713
35692
41066
37968
37080
43126
46467
56990
26853
9047
46073
9664
7365
31267
49217
10749
56877
37518
24448
4417
50862
48793
46216
46212
3856
643
17533
36627
1649
34649
37394
19602
53025
20698
20466
43305
50759
59542
45088
57442
21419
57312
28187
311
34496
46627
5918
46750
45816
34111
38487
28571
58875
28002
2905
54274
7561
24971
21973
47700
54956
170
28564
3360
7831
41264
33131
50778
50105
24634
31821
32687
55786
18054
53445
53301
34595
1534
15465
39793
23368
5416
53491
35313
756
40312
29506
6470
58427
39535
13166
45660
7298
42497
45670
46961
57532
31618
37211
57817
12228
26906
39914
14877
1699
1094
22757
56815
37651
10701
1497
16067
27153
32048
4491
16041
581
20047
15161
32986
56160
9208
13326
16890
51462
35635
48881
24851
15362
50144
46092
31407
4977
22954
41685
56749
26528
31993
33314
50260
26529
52375
23524
44595
3167
55150
28873
20498
43348
12192
50186
37196
6276
33952
39311
56586
7970
47757
45020
39545
17759
48063
36694
2764
31147
58455
5328
8100
4181
34073
43891
46719
8135
35798
57371
21684
33304
40167
51185
18574
14643
3242
2023
25008
51676
41296
28781
50397
36830
56801
1036
39276
34000
18830
15103
51590
57282
24256
32719
48359
12858
24270
29930
11699
30699
42756
17977
30935
41311
49329
13879
24041
90
50931
7514
36862
22967
36462
27351
2343
37594
26890
27041
15862
23331
5069
51540
40585
36418
402
22287
23767
16332
51234
25455
3094
24128
12908
13570
15380
47750
1449
49015
49026
18394
30852
56372
30313
22833
35520
36744
28980
8966
25748
58113
21745
30561
53316
27099
53568
50682
25481
17731
47477
5922
36130
55188
37532
22914
24380
2702
20565
9243
16008
23623
30968
21816
37092
50327
42847
1436
35579
3354
43814
35129
26139
2669
2141
30570
56862
14931
49180
4851
40089
42947
4172
737
16384
7030
24800
148
2971
47454
33013
8808
7582
28857
14755
14615
57228
19965
7267
47744
4709
7751
55231
7070
43948
14278
33312
41668
31171
36426
7165
37155
19756
47533
41907
57024
3773
28342
9896
10564
14470
32594
42774
29386
3582
32106
8384
9548
21040
49388
5737
19059
53043
56771
15060
56105
48850
9590
53552
7899
32931
20580
52978
23893
365
30540
55829
51780
6631
52190
15125
46334
22622
22943
23944
8481
41156
27693
53351
38122
49648
44367
15140
23721
12516
26122
35646
32352
41967
42330
23323
39381
21239
16587
48413
3300
58679
33808
36589
58298
50734
16048
43660
39262
43547
53983
20048
35967
4311
21566
20884
10164
38741
17157
2387
14502
6747
37615
59776
12357
21309
43882
5558
10939
30559
11659
56221
28719
51186
15439
37681
29137
1145
53463
5650
48558
57727
24356
27164
58287
14190
53019
13730
31126
57991
51314
3441
30624
3470
52062
18866
21307
11452
42238
41044
44420
55261
53734
33647
10849
43858
46504
57261
31861
26024
40240
48350
27264
13899
50176
25997
16338
31990
20397
10527
55346
28468
40359
14225
35872
7195
39294
44993
56856
31760
43595
27157
34963
57834
13896
17294
31821
13590
2106
4415
37182
28504
45054
37161
30185
23001
55202
33349
30447
185
24860
59965
32545
3089
15498
25541
54908
54825
57078
51921
52844
20423
8406
57832
16187
29590
48607
7069
4601
56786
16319
2080
13818
19186
46269
7906
36599
6151
19193
46016
41045
51351
48022
38697
19432
51584
41306
19380
58146
22734
20725
8213
33557
25437
9740
13505
40429
51876
54739
10549
3445
29913
12443
45858
50725
12955
33640
45111
31795
15686
32717
55206
44734
48167
20401
17564
463
26077
31098
46155
15685
29917
48781
58784
11766
54261
48452
26366
51261
17157
36419
14092
14457
37742
15371
22324
309
33090
55976
27722
23920
11355
31917
37764
7434
55844
40927
35387
20990
18769
15507
46779
26606
31633
1817
44399
50702
30951
7533
10911
36450
19616
2062
6068
30515
33172
21972
50655
52133
10122
2445
57677
4367
32532
9507
14585
29291
39031
22433
3433
34212
49774
7073
20501
55802
15533
11472
24653
28614
557
16053
56606
40120
7349
35248
21956
43767
29284
19952
58677
7036
55297
51356
15247
33016
38617
14957
33835
22476
33787
40303
34739
47176
38760
36965
26445
31023
13142
39309
11173
29829
38582
2713
42725
35540
55324
29780
3852
10118
23183
29311
47382
1645
37357
6354
3156
8594
52409
10575
58938
36366
13814
34349
40037
10476
55818
23867
9669
19819
24562
32749
14967
16883
12267
35203
59511
48684
43833
56582
57393
203
28391
10371
25367
10178
51787
15567
36455
36441
11961
32802
43847
15579
50756
51266
7022
33954
10743
32719
44197
4810
2021
24308
15971
11594
5395
52912
58107
5063
28633
38143
32562
15483
38351
15408
15608
34526
11555
3543
6851
30125
35792
30667
37304
47295
28433
28415
8300
48587
30182
44996
11554
18462
1546
30432
28034
59735
50570
40762
4618
24983
2933
4621
49704
55216
39734
28179
50135
24957
43095
32280
49471
23156
14767
53682
50899
46753
26597
42952
18801
14261
39043
19630
9019
24254
55291
19724
42149
23810
4482
23567
1397
9770
51003
50588
11317
48334
33931
43414
44509
21415
42054
14234
4120
47618
24000
2057
6695
34471
23651
13451
10546
56150
4612
5692
48602
27031
4410
53138
1024
54286
8932
27338
20706
13208
57868
42191
31282
36100
34468
32808
27740
47288
35530
30115
45698
31904
57157
29894
49743
8468
20684
42524
51520
55758
21733
16150
47399
13722
38473
29326
27454
21353
12513
7877
30902
53184
32642
44307
38322
46668
3422
29693
58181
52291
58402
38056
2415
58038
44045
33084
12723
34839
16700
40889
49312
58412
23118
23738
49639
13700
50928
4454
54065
32073
22221
27075
27585
20160
49534
48353
26100
18904
49396
41613
31665
55967
34019
7691
54382
36886
49927
33419
59066
41672
45815
15629
19815
6402
24368
15446
16105
15709
13650
44906
10374
36686
44278
47045
56056
40407
5618
45212
1522
27493
58489
1646
8366
38649
30125
13496
39190
55193
35003
19971
52244
18417
42046
54739
5299
38959
10203
43490
46326
19985
7586
13220
21
7490
56635
53985
16511
47934
143
47539
49702
16846
19354
28082
40318
52669
39667
25898
55892
49125
48409
40147
56152
40671
10585
44234
45569
22358
26170
51313
44025
54517
18492
9505
25888
13177
42308
19751
40870
16543
38717
14691
31688
33873
4013
10344
52006
18915
35203
2949
15125
52062
15163
43759
42957
13375
44441
51503
39860
28401
5903
9674
1178
52679
35172
30201
27326
37446
9980
57264
57314
9741
18896
26666
55518
46859
30130
31310
8157
52919
33622
2925
29473
48415
30526
27245
39760
12100
50315
9906
6424
11430
18058
24880
39085
25402
26038
23702
30606
52515
21959
1501
52453
22461
26172
39858
44463
19494
4395
49454
49699
57078
13197
9247
17897
28231
1276
40632
58435
33710
26590
54014
51400
55075
51994
34585
40177
30077
4817
33896
26180
25078
24115
27264
47994
2635
45260
18523
43672
38700
18356
17677
59648
12869
41104
19007
46329
36225
53587
4522
32124
41342
59549
43558
59715
8981
38512
9322
57257
40575
715
47297
54571
26215
33863
47197
56948
45429
25599
44303
52827
19019
54030
20278
42017
29435
18092
59859
4370
50021
28704
45463
25315
22074
17660
45208
55171
50535
44686
45039
51404
22835
10935
16511
18898
11634
58944
24460
418
21166
764
50570
3014
44063
17161
39941
46516
39511
3419
6520
17765
42162
13449
18190
14807
5428
32801
38458
14446
50644
20375
45863
51766
36399
23728
17059
39650
31070
47054
9431
14823
13226
56193
18949
26617
27320
58291
7060
13099
11128
43034
35167
11830
15765
9258
17404
9046
2441
53521
14625
35307
31419
10151
29510
13471
43237
22926
39334
796
33860
52022
1878
35619
41975
4363
7500
2207
28085
53680
38249
59738
52014
27188
57695
2485
47849
55459
12516
28104
7834
37372
10455
2642
57387
44620
58210
45940
53788
41502
53537
40089
59586
20892
31227
10029
15201
1133
23389
18837
50910
56757
5908
25474
1948
43276
35978
33050
57323
51327
17798
28777
13286
12561
39481
14913
48689
142
4373
31595
11265
5021
28586
51007
51057
32092
30529
41349
44270
34723
14059
25295
22807
29539
53976
17330
59444
11420
18205
55640
32737
54938
23702
39015
38756
1951
32441
58371
40557
16550
16156
19919
25750
504
25384
36766
32485
43337
24416
20697
11927
14936
30805
30045
4700
38150
36804
16862
43971
42966
16265
16151
3812
4510
4213
5706
52103
21808
51590
55611
5270
8066
19849
28125
15431
48033
55996
54
56473
36753
40881
30231
56018
51295
52619
54385
5948
1441
44299
52064
51194
18807
5783
36353
2399
28955
14323
56128
9769
10535
37363
44887
35173
55366
36515
46868
2199
32695
1158
48592
17484
12759
12767
47773
14582
29719
22453
4600
48609
843
24994
19049
21811
51855
12621
49767
14147
58773
54475
33036
34846
2349
34778
58025
20453
10412
29321
2723
18009
22713
18662
911
44896
11432
48739
48675
53535
34621
16906
20474
22029
35855
46056
1710
40031
12096
22513
8181
41248
56953
52033
15042
16233
23712
12013
47495
26172
56796
14201
45180
59534
16703
51381
15614
52646
2823
32102
23001
19500
6938
5085
3176
27730
34259
9588
44702
17457
28999
48281
5828
59210
11364
29677
22548
19743
17610
17175
383
13571
36395
53062
15624
26056
54545
32078
19493
49526
46557
29117
31217
40788
18615
12011
44686
10800
15411
12767
1827
8718
4739
39861
18497
32831
41149
20957
8583
18743
8718
49557
11654
12627
35438
24540
37231
54228
1261
32148
13978
28348
8526
12635
25491
50363
41160
46501
35680
13310
23332
22844
40158
29881
44789
9968
4448
7763
